0.0166725
popSize nClones suppressionThreshold newPopPercentage errorThreshold 
6 3 0.5 0.5 0.1
5 0 0.00123924 -0.00123924  88.7231 12.4667 16.6946 3.25533
10 0.0190101 0.00123924 -0.00123924  88.7231 12.4667 16.6946 3.25533
15 0.0190101 0.00123924 -0.00123924  88.7231 12.4667 16.6946 3.25533
20 0.0190101 0.00123924 -0.00123924  88.7231 12.4667 16.6946 3.25533
25 0.0153592 0.00112141 -0.00112141  89.4524 12.6845 16.73 3.35312
30 0.0153592 0.00112141 -0.00112141  89.4524 12.6845 16.73 3.35312
35 0.0153592 0.00112141 -0.00112141  89.4524 12.6845 16.73 3.35312
40 0.0153592 0.00111801 -0.00111801  89.6502 12.4269 16.3925 3.397
45 0.0140713 0.00110781 -0.00110781  89.0118 12.4393 16.3817 3.36699
50 0.0140713 0.00110781 -0.00110781  89.0118 12.4393 16.3817 3.36699
55 0.0140713 0.00110781 -0.00110781  89.0118 12.4393 16.3817 3.36699
60 0.0140713 0.00110781 -0.00110781  89.0118 12.4393 16.3817 3.36699
65 0.0140713 0.00110781 -0.00110781  89.0118 12.4393 16.3817 3.36699
70 0.0128482 0.00110781 -0.00110781  89.0118 12.4393 16.3817 3.36699
75 0.0128482 0.00110781 -0.00110781  89.0118 12.4393 16.3817 3.36699
80 0.0128482 0.00110781 -0.00110781  89.0118 12.4393 16.3817 3.36699
85 0.0128482 0.00110781 -0.00110781  89.0118 12.4393 16.3817 3.36699
90 0.0128482 0.00110781 -0.00110781  89.0118 12.4393 16.3817 3.36699
95 0.0117594 0.00110781 -0.00110781  89.0118 12.4393 16.3817 3.36699
100 0.0117594 0.00110781 -0.00110781  89.0118 12.4393 16.3817 3.36699
5 0 0.00927403 -0.00927403  96.2346 15.4485 11.2662 4.53374
10 0.0162419 0.00927403 -0.00927403  96.2346 15.4485 11.2662 4.53374
15 0.0162419 0.00886218 -0.00886218  96.1631 15.4385 11.2813 4.5942
20 0.0162419 0.00886218 -0.00886218  96.1631 15.4385 11.2813 4.5942
25 0.0162419 0.00650104 -0.00650104  63.2138 10.9236 10.6253 0.197492
30 0.0166087 0.00650104 -0.00650104  63.2138 10.9236 10.6253 0.197492
35 0.0166087 0.00650104 -0.00650104  63.2138 10.9236 10.6253 0.197492
40 0.0166087 0.00635277 -0.00635277  63.3693 11.0066 10.5819 0.162988
45 0.0166087 0.00635277 -0.00635277  63.3693 11.0066 10.5819 0.162988
50 0.0161634 0.00153147 -0.00153147  58.8832 17.0265 13.8137 1.53455
55 0.0161634 0.00153147 -0.00153147  58.8832 17.0265 13.8137 1.53455
60 0.0161634 0.00153147 -0.00153147  58.8832 17.0265 13.8137 1.53455
65 0.0161634 0.00150531 -0.00150531  57.8272 17.1231 13.9157 1.53786
70 0.0125457 0.00150531 -0.00150531  57.8272 17.1231 13.9157 1.53786
75 0.0125457 0.00150531 -0.00150531  57.8272 17.1231 13.9157 1.53786
80 0.0125457 0.00150531 -0.00150531  57.8272 17.1231 13.9157 1.53786
85 0.0125457 0.00150531 -0.00150531  57.8272 17.1231 13.9157 1.53786
90 0.0140333 0.00150531 -0.00150531  57.8272 17.1231 13.9157 1.53786
95 0.0140333 0.00150531 -0.00150531  57.8272 17.1231 13.9157 1.53786
100 0.0140333 0.00150531 -0.00150531  57.8272 17.1231 13.9157 1.53786
5 0 0.0133863 -0.0133863  90.6001 4.4089 11.8498 5.15076
10 0.0192757 0.0133863 -0.0133863  90.6001 4.4089 11.8498 5.15076
15 0.0192757 0.0124797 -0.0124797  94.5169 17.7546 7.3288 3.31199
20 0.0192757 0.0124797 -0.0124797  94.5169 17.7546 7.3288 3.31199
25 0.0167426 0.0124797 -0.0124797  94.5169 17.7546 7.3288 3.31199
30 0.0167426 0.0124797 -0.0124797  94.5169 17.7546 7.3288 3.31199
35 0.0167426 0.0110446 -0.0110446  91.9507 4.52659 12.0491 5.10098
40 0.0167426 0.0110446 -0.0110446  91.9507 4.52659 12.0491 5.10098
45 0.0170608 0.00950568 -0.00950568  92.1883 5.18853 11.6998 5.26144
50 0.0170608 0.00950568 -0.00950568  92.1883 5.18853 11.6998 5.26144
55 0.0170608 0.00950568 -0.00950568  92.1883 5.18853 11.6998 5.26144
60 0.0170608 0.00950568 -0.00950568  92.1883 5.18853 11.6998 5.26144
65 0.0171528 0.00846213 -0.00846213  91.342 5.15195 11.4976 5.23043
70 0.0171528 0.00828737 -0.00828737  91.8262 4.9819 11.5012 5.23761
75 0.0171528 0.00828737 -0.00828737  91.8262 4.9819 11.5012 5.23761
80 0.0171528 0.00828737 -0.00828737  91.8262 4.9819 11.5012 5.23761
85 0.0171528 0.00498728 -0.00498728  86.7053 14.5616 11.769 3.58035
90 0.016865 0.00498728 -0.00498728  86.7053 14.5616 11.769 3.58035
95 0.016865 0.00498728 -0.00498728  86.7053 14.5616 11.769 3.58035
100 0.016865 0.00498728 -0.00498728  86.7053 14.5616 11.769 3.58035
5 0 0.00192382 -0.00192382  65.3248 14.3314 13.0684 2.68999
10 0.0150306 0.00192382 -0.00192382  65.3248 14.3314 13.0684 2.68999
15 0.0150306 0.001879 -0.001879  64.812 14.7764 13.0491 2.71855
20 0.0150306 0.001879 -0.001879  64.812 14.7764 13.0491 2.71855
25 0.0121786 0.001879 -0.001879  64.812 14.7764 13.0491 2.71855
30 0.0121786 0.001879 -0.001879  64.812 14.7764 13.0491 2.71855
35 0.0121786 0.00176215 -0.00176215  65.4758 14.8205 13.0793 2.77627
40 0.0121786 0.00176215 -0.00176215  65.4758 14.8205 13.0793 2.77627
45 0.0101946 0.00176215 -0.00176215  65.4758 14.8205 13.0793 2.77627
50 0.0101946 0.00171621 -0.00171621  65.5599 14.8081 13.2036 2.86925
55 0.0101946 0.00171621 -0.00171621  65.5599 14.8081 13.2036 2.86925
60 0.0101946 0.00171621 -0.00171621  65.5599 14.8081 13.2036 2.86925
65 0.0128707 0.00171621 -0.00171621  65.5599 14.8081 13.2036 2.86925
70 0.0128707 0.00171621 -0.00171621  65.5599 14.8081 13.2036 2.86925
75 0.0128707 0.00171621 -0.00171621  65.5599 14.8081 13.2036 2.86925
80 0.0128707 0.00171621 -0.00171621  65.5599 14.8081 13.2036 2.86925
85 0.0128707 0.00171621 -0.00171621  65.5599 14.8081 13.2036 2.86925
90 0.0128707 0.00171621 -0.00171621  65.5599 14.8081 13.2036 2.86925
95 0.0120208 0.00169204 -0.00169204  65.5476 14.6949 13.2314 2.92186
100 0.0120208 0.00160841 -0.00160841  65.4947 14.9676 13.266 2.86699
5 0 0.0162597 -0.0162597  61.195 2.11867 1.93373 3.09731
10 0.0241342 0.0162597 -0.0162597  61.195 2.11867 1.93373 3.09731
15 0.0241342 0.0162597 -0.0162597  61.195 2.11867 1.93373 3.09731
20 0.0241342 0.0156723 -0.0156723  83.7143 8.17041 17.0451 1.20814
25 0.0193076 0.00563229 -0.00563229  99.1734 10.8914 1.9357 6.18896
30 0.0193076 0.00563229 -0.00563229  99.1734 10.8914 1.9357 6.18896
35 0.0193076 0.00563229 -0.00563229  99.1734 10.8914 1.9357 6.18896
40 0.0193076 0.00563229 -0.00563229  99.1734 10.8914 1.9357 6.18896
45 0.0193076 0.00563229 -0.00563229  99.1734 10.8914 1.9357 6.18896
50 0.0180595 0.00563229 -0.00563229  99.1734 10.8914 1.9357 6.18896
55 0.0180595 0.00563229 -0.00563229  99.1734 10.8914 1.9357 6.18896
60 0.0180595 0.00563229 -0.00563229  99.1734 10.8914 1.9357 6.18896
65 0.0180595 0.00563229 -0.00563229  99.1734 10.8914 1.9357 6.18896
70 0.0180595 0.00563229 -0.00563229  99.1734 10.8914 1.9357 6.18896
75 0.0181107 0.00563229 -0.00563229  99.1734 10.8914 1.9357 6.18896
80 0.0181107 0.00563229 -0.00563229  99.1734 10.8914 1.9357 6.18896
85 0.0181107 0.00563229 -0.00563229  99.1734 10.8914 1.9357 6.18896
90 0.0181107 0.00563229 -0.00563229  99.1734 10.8914 1.9357 6.18896
95 0.0181107 0.00563229 -0.00563229  99.1734 10.8914 1.9357 6.18896
100 0.0153647 0.00254967 -0.00254967  56.5236 19.6215 16.1292 3.94554

popSize nClones suppressionThreshold newPopPercentage errorThreshold 
6 4 0.6 0.4 0.1
5 0 0.00272928 -0.00272928  91.9649 16.7565 13.8265 3.52646
10 0.0150541 0.00240314 -0.00240314  92.0643 16.8055 13.8895 3.43937
15 0.0150541 0.00240314 -0.00240314  92.0643 16.8055 13.8895 3.43937
20 0.0150541 0.00240314 -0.00240314  92.0643 16.8055 13.8895 3.43937
25 0.0150541 0.00240314 -0.00240314  92.0643 16.8055 13.8895 3.43937
30 0.0150541 0.00240314 -0.00240314  92.0643 16.8055 13.8895 3.43937
35 0.0122583 0.00240314 -0.00240314  92.0643 16.8055 13.8895 3.43937
40 0.0122583 0.00240314 -0.00240314  92.0643 16.8055 13.8895 3.43937
45 0.0122583 0.00240314 -0.00240314  92.0643 16.8055 13.8895 3.43937
50 0.0122583 0.00240314 -0.00240314  92.0643 16.8055 13.8895 3.43937
55 0.0107238 0.00240314 -0.00240314  92.0643 16.8055 13.8895 3.43937
60 0.0107238 0.00221366 -0.00221366  91.7303 16.6419 14.2997 3.431
65 0.0107238 0.00221366 -0.00221366  91.7303 16.6419 14.2997 3.431
70 0.0107238 0.00221366 -0.00221366  91.7303 16.6419 14.2997 3.431
75 0.0107238 0.00221366 -0.00221366  91.7303 16.6419 14.2997 3.431
80 0.00733352 0.00197535 -0.00197535  92.0266 17.0046 14.6281 3.40792
85 0.00733352 0.00197535 -0.00197535  92.0266 17.0046 14.6281 3.40792
90 0.00733352 0.00197535 -0.00197535  92.0266 17.0046 14.6281 3.40792
95 0.00733352 0.00197535 -0.00197535  92.0266 17.0046 14.6281 3.40792
100 0.00733352 0.00197535 -0.00197535  92.0266 17.0046 14.6281 3.40792
5 0 0.00853939 -0.00853939  90.0748 7.71822 13.9623 1.6373
10 0.0205996 0.00853939 -0.00853939  90.0748 7.71822 13.9623 1.6373
15 0.0205996 0.00513327 -0.00513327  89.9129 7.80975 14.0501 1.59301
20 0.0205996 0.00173321 -0.00173321  53.796 7.63463 17.8149 0.0770484
25 0.0205996 0.00173321 -0.00173321  53.796 7.63463 17.8149 0.0770484
30 0.0205996 0.00173321 -0.00173321  53.796 7.63463 17.8149 0.0770484
35 0.0145391 0.00173321 -0.00173321  53.796 7.63463 17.8149 0.0770484
40 0.0145391 0.00173321 -0.00173321  53.796 7.63463 17.8149 0.0770484
45 0.0145391 0.00173321 -0.00173321  53.796 7.63463 17.8149 0.0770484
50 0.0145391 0.00173321 -0.00173321  53.796 7.63463 17.8149 0.0770484
55 0.0145391 0.00173321 -0.00173321  53.796 7.63463 17.8149 0.0770484
60 0.0160926 0.00173321 -0.00173321  53.796 7.63463 17.8149 0.0770484
65 0.0160926 0.00173321 -0.00173321  53.796 7.63463 17.8149 0.0770484
70 0.0160926 0.00173321 -0.00173321  53.796 7.63463 17.8149 0.0770484
75 0.0160926 0.00173321 -0.00173321  53.796 7.63463 17.8149 0.0770484
80 0.0160926 0.00173321 -0.00173321  53.796 7.63463 17.8149 0.0770484
85 0.0160926 0.00173321 -0.00173321  53.796 7.63463 17.8149 0.0770484
90 0.0143604 0.000596818 -0.000596818  53.789 7.41202 17.8079 0.0658153
95 0.0143604 0.000596818 -0.000596818  53.789 7.41202 17.8079 0.0658153
100 0.0143604 0.000596818 -0.000596818  53.789 7.41202 17.8079 0.0658153
5 0 0.0035829 -0.0035829  86.38 19.5565 15.4854 3.67074
10 0.00815619 0.0035829 -0.0035829  86.38 19.5565 15.4854 3.67074
15 0.00815619 0.00316211 -0.00316211  86.768 19.1396 15.3921 3.67557
20 0.00815619 0.00316211 -0.00316211  86.768 19.1396 15.3921 3.67557
25 0.00815619 0.00316211 -0.00316211  86.768 19.1396 15.3921 3.67557
30 0.00815619 0.00316211 -0.00316211  86.768 19.1396 15.3921 3.67557
35 0.00985483 0.00309846 -0.00309846  79.1221 10.3315 13.3352 6.20578
40 0.00985483 0.00309846 -0.00309846  79.1221 10.3315 13.3352 6.20578
45 0.00985483 0.00309846 -0.00309846  79.1221 10.3315 13.3352 6.20578
50 0.00985483 0.00285644 -0.00285644  79.5551 10.3917 13.4034 6.22364
55 0.0101054 0.00285644 -0.00285644  79.5551 10.3917 13.4034 6.22364
60 0.0101054 0.00285405 -0.00285405  79.6562 10.4254 13.3371 6.23008
65 0.0101054 0.00285405 -0.00285405  79.6562 10.4254 13.3371 6.23008
70 0.0101054 0.00285405 -0.00285405  79.6562 10.4254 13.3371 6.23008
75 0.0101054 0.00285405 -0.00285405  79.6562 10.4254 13.3371 6.23008
80 0.0101054 0.00285405 -0.00285405  79.6562 10.4254 13.3371 6.23008
85 0.00786284 0.00285405 -0.00285405  79.6562 10.4254 13.3371 6.23008
90 0.00786284 0.00272664 -0.00272664  86.8838 18.6905 15.6465 3.62302
95 0.00786284 0.00272664 -0.00272664  86.8838 18.6905 15.6465 3.62302
100 0.00786284 0.00272664 -0.00272664  86.8838 18.6905 15.6465 3.62302
5 0 0.00268112 -0.00268112  75.5621 18.3396 13.6377 0.827366
10 0.013514 0.00268112 -0.00268112  75.5621 18.3396 13.6377 0.827366
15 0.013514 0.00268112 -0.00268112  75.5621 18.3396 13.6377 0.827366
20 0.013514 0.00248781 -0.00248781  75.6266 18.5567 14.0122 0.762796
25 0.013514 0.00197855 -0.00197855  76.7951 17.823 14.0781 0.874891
30 0.013514 0.00197855 -0.00197855  76.7951 17.823 14.0781 0.874891
35 0.00957919 0.00197855 -0.00197855  76.7951 17.823 14.0781 0.874891
40 0.00957919 0.00197855 -0.00197855  76.7951 17.823 14.0781 0.874891
45 0.00957919 0.00197855 -0.00197855  76.7951 17.823 14.0781 0.874891
50 0.00957919 0.00197855 -0.00197855  76.7951 17.823 14.0781 0.874891
55 0.00862744 0.00197855 -0.00197855  76.7951 17.823 14.0781 0.874891
60 0.00862744 0.00197855 -0.00197855  76.7951 17.823 14.0781 0.874891
65 0.00862744 0.00197855 -0.00197855  76.7951 17.823 14.0781 0.874891
70 0.00862744 0.00176971 -0.00176971  77.1554 17.4765 14.5659 0.919173
75 0.00862744 0.00176971 -0.00176971  77.1554 17.4765 14.5659 0.919173
80 0.00862744 0.00176971 -0.00176971  77.1554 17.4765 14.5659 0.919173
85 0.0159876 0.00161997 -0.00161997  77.9423 17.3254 14.6567 0.816358
90 0.0159876 0.00161997 -0.00161997  77.9423 17.3254 14.6567 0.816358
95 0.0159876 0.00161997 -0.00161997  77.9423 17.3254 14.6567 0.816358
100 0.0159876 0.00161997 -0.00161997  77.9423 17.3254 14.6567 0.816358
5 0 0.0170162 -0.0170162  98.2242 11.089 7.08534 2.38356
10 0.0193268 0.0170162 -0.0170162  98.2242 11.089 7.08534 2.38356
15 0.0193268 0.0163065 -0.0163065  83.8878 4.77902 12.4888 0.175917
20 0.0193268 0.0163065 -0.0163065  83.8878 4.77902 12.4888 0.175917
25 0.0193268 0.0163065 -0.0163065  83.8878 4.77902 12.4888 0.175917
30 0.0193268 0.0163065 -0.0163065  83.8878 4.77902 12.4888 0.175917
35 0.0155998 0.004611 -0.004611  93.66 17.5415 19.1955 3.11473
40 0.0155998 0.004611 -0.004611  93.66 17.5415 19.1955 3.11473
45 0.0155998 0.004611 -0.004611  93.66 17.5415 19.1955 3.11473
50 0.0155998 0.00415373 -0.00415373  93.0452 17.2244 19.3377 3.10551
55 0.0156419 0.00415373 -0.00415373  93.0452 17.2244 19.3377 3.10551
60 0.0156419 0.00389095 -0.00389095  92.6568 17.0682 19.1576 3.08578
65 0.0156419 0.00389095 -0.00389095  92.6568 17.0682 19.1576 3.08578
70 0.0156419 0.00389095 -0.00389095  92.6568 17.0682 19.1576 3.08578
75 0.0156419 0.00389095 -0.00389095  92.6568 17.0682 19.1576 3.08578
80 0.0156419 0.00166395 -0.00166395  85.6329 11.1873 14.4507 1.40149
85 0.0116203 0.00166395 -0.00166395  85.6329 11.1873 14.4507 1.40149
90 0.0116203 0.00166395 -0.00166395  85.6329 11.1873 14.4507 1.40149
95 0.0116203 0.00166395 -0.00166395  85.6329 11.1873 14.4507 1.40149
100 0.0116203 0.00166395 -0.00166395  85.6329 11.1873 14.4507 1.40149

popSize nClones suppressionThreshold newPopPercentage errorThreshold 
6 3 0.6 0.4 0.1
5 0 0.00108809 -0.00108809  91.0502 13.7301 14.8656 0.202952
10 0.0170145 0.00108809 -0.00108809  91.0502 13.7301 14.8656 0.202952
15 0.0170145 0.00108809 -0.00108809  91.0502 13.7301 14.8656 0.202952
20 0.0170145 0.00103509 -0.00103509  90.0038 13.5707 14.8195 0.136999
25 0.0170145 0.00103509 -0.00103509  90.0038 13.5707 14.8195 0.136999
30 0.0130038 0.00103509 -0.00103509  90.0038 13.5707 14.8195 0.136999
35 0.0130038 0.00103509 -0.00103509  90.0038 13.5707 14.8195 0.136999
40 0.0130038 0.00103509 -0.00103509  90.0038 13.5707 14.8195 0.136999
45 0.0151043 0.00103509 -0.00103509  90.0038 13.5707 14.8195 0.136999
50 0.0151043 0.00103509 -0.00103509  90.0038 13.5707 14.8195 0.136999
55 0.0151043 0.00103509 -0.00103509  90.0038 13.5707 14.8195 0.136999
60 0.0151043 0.00103509 -0.00103509  90.0038 13.5707 14.8195 0.136999
65 0.0132068 0.00103509 -0.00103509  90.0038 13.5707 14.8195 0.136999
70 0.0132068 0.00103509 -0.00103509  90.0038 13.5707 14.8195 0.136999
75 0.0132068 0.00103509 -0.00103509  90.0038 13.5707 14.8195 0.136999
80 0.0132068 0.00103509 -0.00103509  90.0038 13.5707 14.8195 0.136999
85 0.0148248 0.00100457 -0.00100457  89.1832 13.8797 15.2635 0.105382
90 0.0148248 0.00100457 -0.00100457  89.1832 13.8797 15.2635 0.105382
95 0.0148248 0.00100457 -0.00100457  89.1832 13.8797 15.2635 0.105382
100 0.0114878 0.00098527 -0.00098527  89.9356 13.7507 15.5322 0.232993
5 0 0.00298282 -0.00298282  95.8992 17.9435 14.3909 0.6021
10 0.00900864 0.00298282 -0.00298282  95.8992 17.9435 14.3909 0.6021
15 0.00900864 0.00298282 -0.00298282  95.8992 17.9435 14.3909 0.6021
20 0.00900864 0.00272491 -0.00272491  94.9326 17.8959 14.4869 0.674545
25 0.00900864 0.00272491 -0.00272491  94.9326 17.8959 14.4869 0.674545
30 0.0118739 0.00271167 -0.00271167  95.0066 17.7174 14.3456 0.606023
35 0.0118739 0.00271167 -0.00271167  95.0066 17.7174 14.3456 0.606023
40 0.0118739 0.00271167 -0.00271167  95.0066 17.7174 14.3456 0.606023
45 0.0121458 0.00219024 -0.00219024  87.8238 13.6231 19.096 1.58023
50 0.0121458 0.00219024 -0.00219024  87.8238 13.6231 19.096 1.58023
55 0.0121458 0.00219024 -0.00219024  87.8238 13.6231 19.096 1.58023
60 0.0121458 0.0011776 -0.0011776  62.1021 19.9307 5.68021 2.552
65 0.0135577 0.0011776 -0.0011776  62.1021 19.9307 5.68021 2.552
70 0.0135577 0.0011776 -0.0011776  62.1021 19.9307 5.68021 2.552
75 0.0135577 0.0011776 -0.0011776  62.1021 19.9307 5.68021 2.552
80 0.0135577 0.0011776 -0.0011776  62.1021 19.9307 5.68021 2.552
85 0.00772966 0.0011776 -0.0011776  62.1021 19.9307 5.68021 2.552
90 0.00772966 0.0011776 -0.0011776  62.1021 19.9307 5.68021 2.552
95 0.00772966 0.0011776 -0.0011776  62.1021 19.9307 5.68021 2.552
100 0.00772966 0.0011776 -0.0011776  62.1021 19.9307 5.68021 2.552
5 0 0.0102587 -0.0102587  70.5892 12.0452 8.62332 4.87583
10 0.0179498 0.0102587 -0.0102587  70.5892 12.0452 8.62332 4.87583
15 0.0179498 0.0102587 -0.0102587  70.5892 12.0452 8.62332 4.87583
20 0.0179498 0.0102587 -0.0102587  70.5892 12.0452 8.62332 4.87583
25 0.0179498 0.00320652 -0.00320652  95.9239 17.8151 17.6267 1.32228
30 0.0124085 0.00320652 -0.00320652  95.9239 17.8151 17.6267 1.32228
35 0.0124085 0.00320652 -0.00320652  95.9239 17.8151 17.6267 1.32228
40 0.0124085 0.00301274 -0.00301274  95.8562 17.8137 17.3511 1.31373
45 0.0155419 0.00263301 -0.00263301  96.1222 17.6342 17.2255 1.2518
50 0.0155419 0.00263301 -0.00263301  96.1222 17.6342 17.2255 1.2518
55 0.0155419 0.00263301 -0.00263301  96.1222 17.6342 17.2255 1.2518
60 0.0132133 0.00263301 -0.00263301  96.1222 17.6342 17.2255 1.2518
65 0.0132133 0.00263301 -0.00263301  96.1222 17.6342 17.2255 1.2518
70 0.0132133 0.00263301 -0.00263301  96.1222 17.6342 17.2255 1.2518
75 0.0132133 0.00115129 -0.00115129  86.9629 14.2003 16.8459 0.67481
80 0.00875239 0.00115129 -0.00115129  86.9629 14.2003 16.8459 0.67481
85 0.00875239 0.00115129 -0.00115129  86.9629 14.2003 16.8459 0.67481
90 0.00875239 0.00109398 -0.00109398  86.0994 13.9449 16.6252 0.685253
95 0.00844036 0.00108175 -0.00108175  86.3099 14.1789 16.6017 0.723907
100 0.00844036 0.00108175 -0.00108175  86.3099 14.1789 16.6017 0.723907
5 0 0.00241553 -0.00241553  68.3236 17.6181 12.4628 3.63535
10 0.0170664 0.00241553 -0.00241553  68.3236 17.6181 12.4628 3.63535
15 0.0170664 0.00241553 -0.00241553  68.3236 17.6181 12.4628 3.63535
20 0.0170664 0.00241553 -0.00241553  68.3236 17.6181 12.4628 3.63535
25 0.0127006 0.00241553 -0.00241553  68.3236 17.6181 12.4628 3.63535
30 0.0127006 0.00241553 -0.00241553  68.3236 17.6181 12.4628 3.63535
35 0.0127006 0.00241553 -0.00241553  68.3236 17.6181 12.4628 3.63535
40 0.0127006 0.00241553 -0.00241553  68.3236 17.6181 12.4628 3.63535
45 0.0114649 0.00241553 -0.00241553  68.3236 17.6181 12.4628 3.63535
50 0.0114649 0.00241553 -0.00241553  68.3236 17.6181 12.4628 3.63535
55 0.0114649 0.00241553 -0.00241553  68.3236 17.6181 12.4628 3.63535
60 0.0114649 0.00241553 -0.00241553  68.3236 17.6181 12.4628 3.63535
65 0.0052837 0.00214099 -0.00214099  68.463 17.4857 12.8366 3.537
70 0.0052837 0.00214099 -0.00214099  68.463 17.4857 12.8366 3.537
75 0.00772393 0.00203669 -0.00203669  68.0495 17.3574 12.8441 3.58534
80 0.00772393 0.00203669 -0.00203669  68.0495 17.3574 12.8441 3.58534
85 0.0146342 0.00190254 -0.00190254  67.9234 16.9596 12.9511 3.6356
90 0.0146342 0.00190254 -0.00190254  67.9234 16.9596 12.9511 3.6356
95 0.0146342 0.00190254 -0.00190254  67.9234 16.9596 12.9511 3.6356
100 0.0109554 0.00190254 -0.00190254  67.9234 16.9596 12.9511 3.6356
5 0 0.00107699 -0.00107699  91.085 13.8906 15.1309 2.63165
10 0.0117938 0.00104776 -0.00104776  90.6286 13.3942 15.3584 2.70674
15 0.0117938 0.00104776 -0.00104776  90.6286 13.3942 15.3584 2.70674
20 0.0117938 0.00104776 -0.00104776  90.6286 13.3942 15.3584 2.70674
25 0.0117938 0.00104776 -0.00104776  90.6286 13.3942 15.3584 2.70674
30 0.0119182 0.00101149 -0.00101149  90.6727 13.5445 15.5219 2.65765
35 0.0119182 0.00101149 -0.00101149  90.6727 13.5445 15.5219 2.65765
40 0.0119182 0.00101149 -0.00101149  90.6727 13.5445 15.5219 2.65765
45 0.0115873 0.00101149 -0.00101149  90.6727 13.5445 15.5219 2.65765
50 0.0115873 0.00101149 -0.00101149  90.6727 13.5445 15.5219 2.65765
55 0.0115873 0.00101149 -0.00101149  90.6727 13.5445 15.5219 2.65765
60 0.00691944 0.00101149 -0.00101149  90.6727 13.5445 15.5219 2.65765
65 0.00691944 0.00101149 -0.00101149  90.6727 13.5445 15.5219 2.65765
70 0.00995213 0.00101149 -0.00101149  90.6727 13.5445 15.5219 2.65765
75 0.00995213 0.00101149 -0.00101149  90.6727 13.5445 15.5219 2.65765
80 0.00443853 0.00101149 -0.00101149  90.6727 13.5445 15.5219 2.65765
85 0.00443853 0.00101149 -0.00101149  90.6727 13.5445 15.5219 2.65765
90 0.00234371 0.00101149 -0.00101149  90.6727 13.5445 15.5219 2.65765
95 0.00234371 0.00101149 -0.00101149  90.6727 13.5445 15.5219 2.65765
100 0.00266588 0.00101149 -0.00101149  90.6727 13.5445 15.5219 2.65765

popSize nClones suppressionThreshold newPopPercentage errorThreshold 
6 3 0.4 0.6 0.1
5 0 0.00294813 -0.00294813  53.3153 16.6103 14.7151 6.16732
10 0.0161057 0.00294813 -0.00294813  53.3153 16.6103 14.7151 6.16732
15 0.0161057 0.00269755 -0.00269755  53.4796 16.5964 14.9645 6.14152
20 0.0161057 0.00269755 -0.00269755  53.4796 16.5964 14.9645 6.14152
25 0.0139722 0.00269755 -0.00269755  53.4796 16.5964 14.9645 6.14152
30 0.0139722 0.00269755 -0.00269755  53.4796 16.5964 14.9645 6.14152
35 0.0139722 0.00269755 -0.00269755  53.4796 16.5964 14.9645 6.14152
40 0.0139722 0.00269755 -0.00269755  53.4796 16.5964 14.9645 6.14152
45 0.0139722 0.00269755 -0.00269755  53.4796 16.5964 14.9645 6.14152
50 0.0155954 0.00269755 -0.00269755  53.4796 16.5964 14.9645 6.14152
55 0.0155954 0.00269755 -0.00269755  53.4796 16.5964 14.9645 6.14152
60 0.0155954 0.00269755 -0.00269755  53.4796 16.5964 14.9645 6.14152
65 0.0155954 0.00269755 -0.00269755  53.4796 16.5964 14.9645 6.14152
70 0.0155954 0.00269755 -0.00269755  53.4796 16.5964 14.9645 6.14152
75 0.0155954 0.00269755 -0.00269755  53.4796 16.5964 14.9645 6.14152
80 0.013534 0.00255579 -0.00255579  53.3758 16.741 14.5763 6.15661
85 0.013534 0.00255579 -0.00255579  53.3758 16.741 14.5763 6.15661
90 0.013534 0.00255579 -0.00255579  53.3758 16.741 14.5763 6.15661
95 0.013534 0.00255579 -0.00255579  53.3758 16.741 14.5763 6.15661
100 0.013534 0.00255579 -0.00255579  53.3758 16.741 14.5763 6.15661
5 0 0.00352039 -0.00352039  94.7389 16.4689 18.7154 3.661
10 0.016157 0.00326495 -0.00326495  95.0446 16.1803 18.6364 3.63837
15 0.016157 0.00326495 -0.00326495  95.0446 16.1803 18.6364 3.63837
20 0.016157 0.00326495 -0.00326495  95.0446 16.1803 18.6364 3.63837
25 0.0122499 0.00326495 -0.00326495  95.0446 16.1803 18.6364 3.63837
30 0.0122499 0.00302023 -0.00302023  96.1014 15.9588 18.6035 3.64555
35 0.0122499 0.00302023 -0.00302023  96.1014 15.9588 18.6035 3.64555
40 0.0122499 0.00302023 -0.00302023  96.1014 15.9588 18.6035 3.64555
45 0.0122499 0.00302023 -0.00302023  96.1014 15.9588 18.6035 3.64555
50 0.0132596 0.00291931 -0.00291931  96.5909 15.6933 18.7806 3.70489
55 0.0132596 0.00291931 -0.00291931  96.5909 15.6933 18.7806 3.70489
60 0.0132596 0.00291931 -0.00291931  96.5909 15.6933 18.7806 3.70489
65 0.0132596 0.00291931 -0.00291931  96.5909 15.6933 18.7806 3.70489
70 0.0132596 0.00291931 -0.00291931  96.5909 15.6933 18.7806 3.70489
75 0.0160302 0.00291931 -0.00291931  96.5909 15.6933 18.7806 3.70489
80 0.0160302 0.00291931 -0.00291931  96.5909 15.6933 18.7806 3.70489
85 0.0160302 0.00291931 -0.00291931  96.5909 15.6933 18.7806 3.70489
90 0.0160302 0.00291931 -0.00291931  96.5909 15.6933 18.7806 3.70489
95 0.0160302 0.00291931 -0.00291931  96.5909 15.6933 18.7806 3.70489
100 0.0160302 0.00291931 -0.00291931  96.5909 15.6933 18.7806 3.70489
5 0 0.00835544 -0.00835544  94.2016 5.96001 12.6251 0.509572
10 0.0167786 0.00302621 -0.00302621  74.6535 11.0743 12.937 6.02845
15 0.0167786 0.00302621 -0.00302621  74.6535 11.0743 12.937 6.02845
20 0.0167786 0.00302621 -0.00302621  74.6535 11.0743 12.937 6.02845
25 0.0112907 0.00302621 -0.00302621  74.6535 11.0743 12.937 6.02845
30 0.0112907 0.00302621 -0.00302621  74.6535 11.0743 12.937 6.02845
35 0.0112907 0.00302621 -0.00302621  74.6535 11.0743 12.937 6.02845
40 0.0112907 0.00255762 -0.00255762  75.3059 11.3138 12.5189 6.02016
45 0.00911165 0.00255762 -0.00255762  75.3059 11.3138 12.5189 6.02016
50 0.00911165 0.00255762 -0.00255762  75.3059 11.3138 12.5189 6.02016
55 0.00911165 0.00255762 -0.00255762  75.3059 11.3138 12.5189 6.02016
60 0.00911165 0.00255762 -0.00255762  75.3059 11.3138 12.5189 6.02016
65 0.0106096 0.00228431 -0.00228431  75.4841 11.45 12.6853 6.02133
70 0.0106096 0.00228431 -0.00228431  75.4841 11.45 12.6853 6.02133
75 0.0106096 0.00228431 -0.00228431  75.4841 11.45 12.6853 6.02133
80 0.0106096 0.00228431 -0.00228431  75.4841 11.45 12.6853 6.02133
85 0.0106096 0.00228431 -0.00228431  75.4841 11.45 12.6853 6.02133
90 0.00861318 0.00228431 -0.00228431  75.4841 11.45 12.6853 6.02133
95 0.00861318 0.00228431 -0.00228431  75.4841 11.45 12.6853 6.02133
100 0.00861318 0.00228431 -0.00228431  75.4841 11.45 12.6853 6.02133
5 0 0.0118183 -0.0118183  52.0087 13.1003 9.85031 6.1202
10 0.0179319 0.0118183 -0.0118183  52.0087 13.1003 9.85031 6.1202
15 0.0179319 0.0118183 -0.0118183  52.0087 13.1003 9.85031 6.1202
20 0.0179319 0.0104056 -0.0104056  51.0975 13.3545 10.0281 6.14728
25 0.0142189 0.00916742 -0.00916742  51.944 13.1737 10.38 6.0625
30 0.0142189 0.00916742 -0.00916742  51.944 13.1737 10.38 6.0625
35 0.0142189 0.00916742 -0.00916742  51.944 13.1737 10.38 6.0625
40 0.0142189 0.00916742 -0.00916742  51.944 13.1737 10.38 6.0625
45 0.0142189 0.00373771 -0.00373771  68.7776 13.6977 10.9408 1.17394
50 0.0117992 0.00373771 -0.00373771  68.7776 13.6977 10.9408 1.17394
55 0.0117992 0.00373771 -0.00373771  68.7776 13.6977 10.9408 1.17394
60 0.0117992 0.00373771 -0.00373771  68.7776 13.6977 10.9408 1.17394
65 0.0117992 0.00352859 -0.00352859  69.2643 13.7411 11.0038 1.20668
70 0.0117992 0.00352859 -0.00352859  69.2643 13.7411 11.0038 1.20668
75 0.0148179 0.00300745 -0.00300745  68.5901 13.5371 11.3448 1.18587
80 0.0148179 0.00300745 -0.00300745  68.5901 13.5371 11.3448 1.18587
85 0.0148179 0.00300745 -0.00300745  68.5901 13.5371 11.3448 1.18587
90 0.0148179 0.00300745 -0.00300745  68.5901 13.5371 11.3448 1.18587
95 0.0148179 0.00300745 -0.00300745  68.5901 13.5371 11.3448 1.18587
100 0.0148179 0.00300745 -0.00300745  68.5901 13.5371 11.3448 1.18587
5 0 0.00722615 -0.00722615  97.7485 6.93523 9.03844 1.67789
10 0.015793 0.00722615 -0.00722615  97.7485 6.93523 9.03844 1.67789
15 0.015793 0.00664337 -0.00664337  97.5402 7.20665 9.54776 1.68602
20 0.015793 0.000759281 -0.000759281  53.1327 8.22733 18.5388 4.95355
25 0.0090967 0.000759281 -0.000759281  53.1327 8.22733 18.5388 4.95355
30 0.0090967 0.000759281 -0.000759281  53.1327 8.22733 18.5388 4.95355
35 0.0090967 0.000759281 -0.000759281  53.1327 8.22733 18.5388 4.95355
40 0.0090967 0.000759281 -0.000759281  53.1327 8.22733 18.5388 4.95355
45 0.0090967 0.000759281 -0.000759281  53.1327 8.22733 18.5388 4.95355
50 0.013575 0.000759281 -0.000759281  53.1327 8.22733 18.5388 4.95355
55 0.013575 0.000759281 -0.000759281  53.1327 8.22733 18.5388 4.95355
60 0.013575 0.000759281 -0.000759281  53.1327 8.22733 18.5388 4.95355
65 0.013575 0.000759281 -0.000759281  53.1327 8.22733 18.5388 4.95355
70 0.0108364 0.000759281 -0.000759281  53.1327 8.22733 18.5388 4.95355
75 0.0108364 0.000759281 -0.000759281  53.1327 8.22733 18.5388 4.95355
80 0.0108364 0.000759281 -0.000759281  53.1327 8.22733 18.5388 4.95355
85 0.0108364 0.000759281 -0.000759281  53.1327 8.22733 18.5388 4.95355
90 0.0108364 0.000759281 -0.000759281  53.1327 8.22733 18.5388 4.95355
95 0.0148006 0.000759281 -0.000759281  53.1327 8.22733 18.5388 4.95355
100 0.0148006 0.000759281 -0.000759281  53.1327 8.22733 18.5388 4.95355


popSize bias beta 
10 0.6 0.4
5 0 0.00115974 -0.00115974  85.0713 12.2413 15.2462 1.97951
10 0 0.00115974 -0.00115974  85.0713 12.2413 15.2462 1.97951
15 0.0164528 0.00115974 -0.00115974  85.0713 12.2413 15.2462 1.97951
20 0.0164528 0.00115974 -0.00115974  85.0713 12.2413 15.2462 1.97951
25 0.0101047 0.00115974 -0.00115974  85.0713 12.2413 15.2462 1.97951
30 0.00373742 0.0010569 -0.0010569  87.8697 12.2413 15.2462 2.54694
35 0.00373742 0.0010569 -0.0010569  87.8697 12.2413 15.2462 2.54694
40 0.00233503 0.0010569 -0.0010569  87.8697 12.2413 15.2462 2.54694
45 0.00233503 0.0010569 -0.0010569  87.8697 12.2413 15.2462 2.54694
50 0.0018401 0.0010569 -0.0010569  87.8697 12.2413 15.2462 2.54694
55 0.00174509 0.0010569 -0.0010569  87.8697 12.2413 15.2462 2.54694
60 0.00174509 0.0010569 -0.0010569  87.8697 12.2413 15.2462 2.54694
65 0.00170329 0.0010569 -0.0010569  87.8697 12.2413 15.2462 2.54694
70 0.00170329 0.0010569 -0.0010569  87.8697 12.2413 15.2462 2.54694
75 0.00145694 0.00101857 -0.00101857  87.8697 12.2413 15.505 2.54694
80 0.00145694 0.00101857 -0.00101857  87.8697 12.2413 15.505 2.54694
85 0.00128173 0.00101857 -0.00101857  87.8697 12.2413 15.505 2.54694
90 0.00128173 0.00101857 -0.00101857  87.8697 12.2413 15.505 2.54694
95 0.0011777 0.00101857 -0.00101857  87.8697 12.2413 15.505 2.54694
100 0.0011777 0.00101857 -0.00101857  87.8697 12.2413 15.505 2.54694
5 0 0.00600879 -0.00600879  90.3774 10.8602 19.7891 4.87801
10 0 0.00600879 -0.00600879  90.3774 10.8602 19.7891 4.87801
15 0.0193983 0.00600879 -0.00600879  90.3774 10.8602 19.7891 4.87801
20 0.0193983 0.0033292 -0.0033292  80.8694 12.7107 18.5873 1.37173
25 0.0102322 0.00131167 -0.00131167  99.8836 13.3433 14.5277 1.37173
30 0.00476252 0.00110348 -0.00110348  80.5437 13.8709 14.2946 1.96182
35 0.00476252 0.00110348 -0.00110348  80.5437 13.8709 14.2946 1.96182
40 0.00298741 0.00110348 -0.00110348  80.5437 13.8709 14.2946 1.96182
45 0.00298741 0.00110348 -0.00110348  80.5437 13.8709 14.2946 1.96182
50 0.0019238 0.00110348 -0.00110348  80.5437 13.8709 14.2946 1.96182
55 0.00125645 0.00110348 -0.00110348  80.5437 13.8709 14.2946 1.96182
60 0.00125645 0.00110348 -0.00110348  80.5437 13.8709 14.2946 1.96182
65 0.00116786 0.00110348 -0.00110348  80.5437 13.8709 14.2946 1.96182
70 0.00116786 0.00110348 -0.00110348  80.5437 13.8709 14.2946 1.96182
75 0.00113052 0.00110348 -0.00110348  80.5437 13.8709 14.2946 1.96182
80 0.00113052 0.00107605 -0.00107605  88.0652 13.433 14.6323 1.85079
85 0.00110531 0.00107605 -0.00107605  88.0652 13.433 14.6323 1.85079
90 0.00110531 0.00107571 -0.00107571  81.0799 13.7699 14.5391 1.51676
95 0.00109513 0.00107571 -0.00107571  81.0799 13.7699 14.5391 1.51676
100 0.00109513 0.00107571 -0.00107571  81.0799 13.7699 14.5391 1.51676
5 0 0.00952446 -0.00952446  78.9413 10.1273 17.7181 3.46318
10 0 0.00231022 -0.00231022  73.6258 16.7632 12.7828 1.54556
15 0.015072 0.00231022 -0.00231022  73.6258 16.7632 12.7828 1.54556
20 0.0102384 0.00124108 -0.00124108  84.9171 13.0193 13.5172 1.76674
25 0.0102384 0.00124108 -0.00124108  84.9171 13.0193 13.5172 1.76674
30 0.00469411 0.00124108 -0.00124108  84.9171 13.0193 13.5172 1.76674
35 0.00469411 0.00124108 -0.00124108  84.9171 13.0193 13.5172 1.76674
40 0.00188724 0.00113822 -0.00113822  84.9171 12.3606 15.4292 1.76674
45 0.00188724 0.0010632 -0.0010632  81.6528 12.9377 14.2364 4.62861
50 0.00144488 0.0010632 -0.0010632  81.6528 12.9377 14.2364 4.62861
55 0.00144488 0.0010632 -0.0010632  81.6528 12.9377 14.2364 4.62861
60 0.00130239 0.00105937 -0.00105937  81.6528 12.9377 14.2364 0.217504
65 0.00130239 0.00105937 -0.00105937  81.6528 12.9377 14.2364 0.217504
70 0.00117249 0.00105937 -0.00105937  81.6528 12.9377 14.2364 0.217504
75 0.00117249 0.00105937 -0.00105937  81.6528 12.9377 14.2364 0.217504
80 0.00111507 0.00104231 -0.00104231  84.9171 13.0193 15.0664 1.54556
85 0.00111507 0.00104231 -0.00104231  84.9171 13.0193 15.0664 1.54556
90 0.00109437 0.00104231 -0.00104231  84.9171 13.0193 15.0664 1.54556
95 0.00109437 0.00104231 -0.00104231  84.9171 13.0193 15.0664 1.54556
100 0.00107066 0.00104231 -0.00104231  84.9171 13.0193 15.0664 1.54556
5 0 0.0169383 -0.0169383  99.7024 11.9445 8.81094 3.93408
10 0 0.00140019 -0.00140019  80.6401 16.0356 16.2792 0.897441
15 0.0189246 0.00140019 -0.00140019  80.6401 16.0356 16.2792 0.897441
20 0.0189246 0.00140019 -0.00140019  80.6401 16.0356 16.2792 0.897441
25 0.00678882 0.00140019 -0.00140019  80.6401 16.0356 16.2792 0.897441
30 0.00678882 0.00140019 -0.00140019  80.6401 16.0356 16.2792 0.897441
35 0.00389041 0.00140019 -0.00140019  80.6401 16.0356 16.2792 0.897441
40 0.00389041 0.00140019 -0.00140019  80.6401 16.0356 16.2792 0.897441
45 0.00295696 0.00124219 -0.00124219  78.8811 13.9237 13.6835 0.228212
50 0.00295696 0.00124219 -0.00124219  78.8811 13.9237 13.6835 0.228212
55 0.00164073 0.00124219 -0.00124219  78.8811 13.9237 13.6835 0.228212
60 0.00142048 0.00124219 -0.00124219  78.8811 13.9237 13.6835 0.228212
65 0.00142048 0.00124219 -0.00124219  78.8811 13.9237 13.6835 0.228212
70 0.00139163 0.00124219 -0.00124219  78.8811 13.9237 13.6835 0.228212
75 0.00139163 0.00116755 -0.00116755  80.6401 14.9357 14.955 0.254657
80 0.00134456 0.00116755 -0.00116755  80.6401 14.9357 14.955 0.254657
85 0.00134456 0.00116755 -0.00116755  80.6401 14.9357 14.955 0.254657
90 0.00128916 0.00116755 -0.00116755  80.6401 14.9357 14.955 0.254657
95 0.00128916 0.00116755 -0.00116755  80.6401 14.9357 14.955 0.254657
100 0.00123927 0.00108386 -0.00108386  84.5635 13.9237 15.7179 0.237753
5 0 0.00273215 -0.00273215  76.7012 16.7037 12.4969 2.97775
10 0 0.00273215 -0.00273215  76.7012 16.7037 12.4969 2.97775
15 0.0160362 0.00273215 -0.00273215  76.7012 16.7037 12.4969 2.97775
20 0.0105449 0.00273215 -0.00273215  76.7012 16.7037 12.4969 2.97775
25 0.0105449 0.00273215 -0.00273215  76.7012 16.7037 12.4969 2.97775
30 0.00800005 0.00273215 -0.00273215  76.7012 16.7037 12.4969 2.97775
35 0.0061254 0.00243863 -0.00243863  76.7012 11.5184 14.7635 4.34842
40 0.0061254 0.00243863 -0.00243863  76.7012 11.5184 14.7635 4.34842
45 0.00398783 0.00211387 -0.00211387  76.7012 11.5184 14.7635 1.88131
50 0.00398783 0.00211387 -0.00211387  76.7012 11.5184 14.7635 1.88131
55 0.00309627 0.00192418 -0.00192418  85.1211 11.5184 12.4801 1.88131
60 0.00309627 0.00152554 -0.00152554  76.7012 12.2969 14.0444 2.97775
65 0.00221865 0.00152554 -0.00152554  76.7012 12.2969 14.0444 2.97775
70 0.00221865 0.0012481 -0.0012481  99.426 11.5184 16.3892 1.88131
75 0.00181192 0.00115741 -0.00115741  96.8685 13.6404 14.9406 4.4657
80 0.00181192 0.00108092 -0.00108092  81.3244 13.6404 14.3908 2.65093
85 0.0013131 0.00108092 -0.00108092  81.3244 13.6404 14.3908 2.65093
90 0.0013131 0.00107322 -0.00107322  84.6923 13.6404 14.7493 3.24611
95 0.00117376 0.00107322 -0.00107322  84.6923 13.6404 14.7493 3.24611
100 0.00112605 0.00107322 -0.00107322  84.6923 13.6404 14.7493 3.24611

popSize bias beta 
10 0.6 0.6
5 0 0.0142719 -0.0142719  52.0359 12.0052 10.7257 6.23163
10 0 0.0032805 -0.0032805  88.4892 18.3015 13.858 5.55357
15 0.0184506 0.00150711 -0.00150711  55.5593 18.3015 14.2366 5.55357
20 0.0119326 0.00150711 -0.00150711  55.5593 18.3015 14.2366 5.55357
25 0.0119326 0.00150711 -0.00150711  55.5593 18.3015 14.2366 5.55357
30 0.00509048 0.00150711 -0.00150711  55.5593 18.3015 14.2366 5.55357
35 0.00509048 0.00142017 -0.00142017  88.4892 12.0052 16.2022 6.23163
40 0.00254046 0.00142017 -0.00142017  88.4892 12.0052 16.2022 6.23163
45 0.0016818 0.00122169 -0.00122169  88.4892 12.0052 14.2366 6.23163
50 0.00147411 0.00122169 -0.00122169  88.4892 12.0052 14.2366 6.23163
55 0.00141191 0.00120565 -0.00120565  88.4892 12.0052 14.2366 5.20138
60 0.00132937 0.00120565 -0.00120565  88.4892 12.0052 14.2366 5.20138
65 0.00132937 0.00120565 -0.00120565  88.4892 12.0052 14.2366 5.20138
70 0.00130203 0.00117287 -0.00117287  88.4892 12.0052 15.0228 5.95106
75 0.00120578 0.00117087 -0.00117087  88.4892 12.0052 14.9442 5.80524
80 0.00119511 0.00117087 -0.00117087  88.4892 12.0052 14.9442 5.80524
85 0.00119511 0.00117087 -0.00117087  88.4892 12.0052 14.9442 5.80524
90 0.00119053 0.00117087 -0.00117087  88.4892 12.0052 14.9442 5.80524
95 0.00118133 0.00117087 -0.00117087  88.4892 12.0052 14.9442 5.80524
100 0.00118133 0.00117087 -0.00117087  88.4892 12.0052 14.9442 5.80524
5 0 0.00191942 -0.00191942  71.5584 12.3254 13.2252 1.64648
10 0 0.00191942 -0.00191942  71.5584 12.3254 13.2252 1.64648
15 0.0198832 0.00167673 -0.00167673  73.5989 12.3254 13.2252 1.64648
20 0.0105222 0.00167673 -0.00167673  73.5989 12.3254 13.2252 1.64648
25 0.0105222 0.00137392 -0.00137392  77.9864 14.0699 16.4855 1.00341
30 0.00533655 0.00137392 -0.00137392  77.9864 14.0699 16.4855 1.00341
35 0.00234496 0.00137392 -0.00137392  77.9864 14.0699 16.4855 1.00341
40 0.00234496 0.00123356 -0.00123356  96.3947 12.3254 16.4855 1.64648
45 0.00159841 0.00123356 -0.00123356  96.3947 12.3254 16.4855 1.64648
50 0.00159841 0.00123356 -0.00123356  96.3947 12.3254 16.4855 1.64648
55 0.00141495 0.00123356 -0.00123356  96.3947 12.3254 16.4855 1.64648
60 0.00141495 0.00119286 -0.00119286  75.5406 15.619 14.2631 6.04281
65 0.00128922 0.00103447 -0.00103447  96.3947 12.3254 15.5257 1.64648
70 0.00119165 0.00103447 -0.00103447  96.3947 12.3254 15.5257 1.64648
75 0.00119165 0.00103447 -0.00103447  96.3947 12.3254 15.5257 1.64648
80 0.00115801 0.00103447 -0.00103447  96.3947 12.3254 15.5257 1.64648
85 0.00112887 0.00103447 -0.00103447  96.3947 12.3254 15.5257 1.64648
90 0.00112887 0.00103447 -0.00103447  96.3947 12.3254 15.5257 1.64648
95 0.00110105 0.00103447 -0.00103447  96.3947 12.3254 15.5257 1.64648
100 0.00110105 0.00103447 -0.00103447  96.3947 12.3254 15.5257 1.64648
5 0 0.00240011 -0.00240011  76.9332 12.6591 11.8615 5.99348
10 0 0.00240011 -0.00240011  76.9332 12.6591 11.8615 5.99348
15 0.0223572 0.00110846 -0.00110846  80.2146 14.3888 14.5052 3.73625
20 0.00768475 0.00110846 -0.00110846  80.2146 14.3888 14.5052 3.73625
25 0.00768475 0.00110846 -0.00110846  80.2146 14.3888 14.5052 3.73625
30 0.00592133 0.00110846 -0.00110846  80.2146 14.3888 14.5052 3.73625
35 0.00592133 0.00110846 -0.00110846  80.2146 14.3888 14.5052 3.73625
40 0.00311456 0.00110846 -0.00110846  80.2146 14.3888 14.5052 3.73625
45 0.00311456 0.00110846 -0.00110846  80.2146 14.3888 14.5052 3.73625
50 0.00184902 0.00110846 -0.00110846  80.2146 14.3888 14.5052 3.73625
55 0.00184902 0.00110846 -0.00110846  80.2146 14.3888 14.5052 3.73625
60 0.00144352 0.00110846 -0.00110846  80.2146 14.3888 14.5052 3.73625
65 0.00144352 0.00110846 -0.00110846  80.2146 14.3888 14.5052 3.73625
70 0.00126671 0.00110846 -0.00110846  80.2146 14.3888 14.5052 3.73625
75 0.00126671 0.00110846 -0.00110846  80.2146 14.3888 14.5052 3.73625
80 0.00118421 0.00108598 -0.00108598  81.5878 13.8785 14.5113 4.39164
85 0.00118421 0.00108598 -0.00108598  81.5878 13.8785 14.5113 4.39164
90 0.00112123 0.00108598 -0.00108598  81.5878 13.8785 14.5113 4.39164
95 0.00112123 0.00108598 -0.00108598  81.5878 13.8785 14.5113 4.39164
100 0.00111056 0.00104929 -0.00104929  84.3667 13.8785 15.3139 2.52103
5 0 0.00336859 -0.00336859  58.0261 18.0785 16.6091 0.146528
10 0 0.00336859 -0.00336859  58.0261 18.0785 16.6091 0.146528
15 0.0164805 0.00164665 -0.00164665  55.3019 18.0785 13.9644 0.146528
20 0.0164805 0.00164665 -0.00164665  55.3019 18.0785 13.9644 0.146528
25 0.00887857 0.00164665 -0.00164665  55.3019 18.0785 13.9644 0.146528
30 0.00887857 0.00163675 -0.00163675  94.434 14.0808 17.7025 1.55804
35 0.00446233 0.00126555 -0.00126555  94.434 14.0808 16.6091 0.146528
40 0.00446233 0.00126555 -0.00126555  94.434 14.0808 16.6091 0.146528
45 0.00245431 0.00126555 -0.00126555  94.434 14.0808 16.6091 0.146528
50 0.00192147 0.00126555 -0.00126555  94.434 14.0808 16.6091 0.146528
55 0.00192147 0.00126555 -0.00126555  94.434 14.0808 16.6091 0.146528
60 0.00165169 0.00126555 -0.00126555  94.434 14.0808 16.6091 0.146528
65 0.00165169 0.00126555 -0.00126555  94.434 14.0808 16.6091 0.146528
70 0.00148204 0.00126555 -0.00126555  94.434 14.0808 16.6091 0.146528
75 0.00140195 0.00126555 -0.00126555  94.434 14.0808 16.6091 0.146528
80 0.00140195 0.00124326 -0.00124326  92.8446 14.0808 15.5512 2.36668
85 0.00129322 0.00124326 -0.00124326  92.8446 14.0808 15.5512 2.36668
90 0.00126211 0.00124035 -0.00124035  94.434 14.0808 15.0223 0.146528
95 0.00125736 0.00124035 -0.00124035  94.434 14.0808 15.0223 0.146528
100 0.00125736 0.00124035 -0.00124035  94.434 14.0808 15.0223 0.146528
5 0 0.00181096 -0.00181096  68.3941 18.0344 14.5317 1.10451
10 0 0.00181096 -0.00181096  68.3941 18.0344 14.5317 1.10451
15 0.0149024 0.00181096 -0.00181096  68.3941 18.0344 14.5317 1.10451
20 0.00929424 0.00181096 -0.00181096  68.3941 18.0344 14.5317 1.10451
25 0.00929424 0.00181096 -0.00181096  68.3941 18.0344 14.5317 1.10451
30 0.005684 0.00181096 -0.00181096  68.3941 18.0344 14.5317 1.10451
35 0.005684 0.00165023 -0.00165023  68.3941 17.4866 14.5317 2.87487
40 0.00366406 0.00165023 -0.00165023  68.3941 17.4866 14.5317 2.87487
45 0.00366406 0.00165023 -0.00165023  68.3941 17.4866 14.5317 2.87487
50 0.00268173 0.00133173 -0.00133173  72.6973 16.245 14.7136 0.85001
55 0.00268173 0.00133173 -0.00133173  72.6973 16.245 14.7136 0.85001
60 0.0021893 0.00133173 -0.00133173  72.6973 16.245 14.7136 0.85001
65 0.0021893 0.00133173 -0.00133173  72.6973 16.245 14.7136 0.85001
70 0.00181324 0.00129734 -0.00129734  72.6973 16.245 14.7136 3.24886
75 0.00149433 0.00129734 -0.00129734  72.6973 16.245 14.7136 3.24886
80 0.00149433 0.00129734 -0.00129734  72.6973 16.245 14.7136 3.24886
85 0.00140505 0.00129734 -0.00129734  72.6973 16.245 14.7136 3.24886
90 0.00140505 0.00106945 -0.00106945  80.5657 15.1714 14.8227 0.85001
95 0.00129485 0.00106945 -0.00106945  80.5657 15.1714 14.8227 0.85001
100 0.00129485 0.00106945 -0.00106945  80.5657 15.1714 14.8227 0.85001

popSize bias beta 
10 0.8 0.7
5 0 0.00284151 -0.00284151  87.8183 16.6043 18.0065 2.32782
10 0 0.00284151 -0.00284151  87.8183 16.6043 18.0065 2.32782
15 0.0172727 0.00284151 -0.00284151  87.8183 16.6043 18.0065 2.32782
20 0.0125885 0.00284151 -0.00284151  87.8183 16.6043 18.0065 2.32782
25 0.00815355 0.00187688 -0.00187688  70.9065 17.0918 16.2808 0.954854
30 0.00815355 0.00187688 -0.00187688  70.9065 17.0918 16.2808 0.954854
35 0.0048684 0.00187688 -0.00187688  70.9065 17.0918 16.2808 0.954854
40 0.00306057 0.00187688 -0.00187688  70.9065 17.0918 16.2808 0.954854
45 0.00306057 0.00187688 -0.00187688  70.9065 17.0918 16.2808 0.954854
50 0.00266278 0.00187688 -0.00187688  70.9065 17.0918 16.2808 0.954854
