0.0167262
popSize nClones suppressionThreshold newPopPercentage errorThreshold 
10 3 0.5 0.5 0.1
5 0 0.00870785 -0.00870785  78.2367 11.5776 9.22667 0.986639
10 0 0.0020692 -0.0020692  88.5797 16.8878 14.3595 3.27686
15 0.0140846 0.0020692 -0.0020692  88.5797 16.8878 14.3595 3.27686
20 0.0140846 0.0020692 -0.0020692  88.5797 16.8878 14.3595 3.27686
25 0.0140846 0.0020692 -0.0020692  88.5797 16.8878 14.3595 3.27686
30 0.0140846 0.0020692 -0.0020692  88.5797 16.8878 14.3595 3.27686
35 0.0140846 0.0020692 -0.0020692  88.5797 16.8878 14.3595 3.27686
40 0.0140846 0.00195765 -0.00195765  88.0729 16.8659 14.4204 3.27529
45 0.00999513 0.00195765 -0.00195765  88.0729 16.8659 14.4204 3.27529
50 0.00999513 0.00195765 -0.00195765  88.0729 16.8659 14.4204 3.27529
55 0.00999513 0.00195765 -0.00195765  88.0729 16.8659 14.4204 3.27529
60 0.00999513 0.00195765 -0.00195765  88.0729 16.8659 14.4204 3.27529
65 0.00999513 0.00195765 -0.00195765  88.0729 16.8659 14.4204 3.27529
70 0.00999513 0.00195765 -0.00195765  88.0729 16.8659 14.4204 3.27529
75 0.00727106 0.00195765 -0.00195765  88.0729 16.8659 14.4204 3.27529
80 0.00727106 0.0017618 -0.0017618  88.1276 16.6463 14.7808 3.30963
85 0.00727106 0.0017618 -0.0017618  88.1276 16.6463 14.7808 3.30963
90 0.00727106 0.0017618 -0.0017618  88.1276 16.6463 14.7808 3.30963
95 0.00727106 0.0017618 -0.0017618  88.1276 16.6463 14.7808 3.30963
100 0.00727106 0.0017618 -0.0017618  88.1276 16.6463 14.7808 3.30963
5 0 0.0167133 -0.0167133  98.3869 10.6084 7.75112 3.20349
10 0 0.00212246 -0.00212246  53.5211 19.1609 12.305 0.729999
15 0.0160761 0.00212246 -0.00212246  53.5211 19.1609 12.305 0.729999
20 0.0160761 0.00212246 -0.00212246  53.5211 19.1609 12.305 0.729999
25 0.0160761 0.00212246 -0.00212246  53.5211 19.1609 12.305 0.729999
30 0.0160761 0.00197384 -0.00197384  54.2781 19.1038 12.2594 0.711339
35 0.0160761 0.00197384 -0.00197384  54.2781 19.1038 12.2594 0.711339
40 0.0160761 0.00197384 -0.00197384  54.2781 19.1038 12.2594 0.711339
45 0.0136456 0.00197384 -0.00197384  54.2781 19.1038 12.2594 0.711339
50 0.0136456 0.00197384 -0.00197384  54.2781 19.1038 12.2594 0.711339
55 0.0136456 0.00197384 -0.00197384  54.2781 19.1038 12.2594 0.711339
60 0.0136456 0.00197384 -0.00197384  54.2781 19.1038 12.2594 0.711339
65 0.0136456 0.00197384 -0.00197384  54.2781 19.1038 12.2594 0.711339
70 0.0136456 0.00197384 -0.00197384  54.2781 19.1038 12.2594 0.711339
75 0.0144149 0.00197384 -0.00197384  54.2781 19.1038 12.2594 0.711339
80 0.0144149 0.00197384 -0.00197384  54.2781 19.1038 12.2594 0.711339
85 0.0144149 0.00197384 -0.00197384  54.2781 19.1038 12.2594 0.711339
90 0.0144149 0.00197384 -0.00197384  54.2781 19.1038 12.2594 0.711339
95 0.0144149 0.00197384 -0.00197384  54.2781 19.1038 12.2594 0.711339
100 0.0144149 0.00197384 -0.00197384  54.2781 19.1038 12.2594 0.711339
5 0 0.00644165 -0.00644165  56.6606 17.2948 18.8432 2.5497
10 0 0.00644165 -0.00644165  56.6606 17.2948 18.8432 2.5497
15 0.0173332 0.00644165 -0.00644165  56.6606 17.2948 18.8432 2.5497
20 0.0173332 0.00585598 -0.00585598  56.9881 17.2999 18.74 2.49029
25 0.0173332 0.000952742 -0.000952742  63.8171 10.5404 0.542174 4.36569
30 0.0173332 0.000952742 -0.000952742  63.8171 10.5404 0.542174 4.36569
35 0.0173332 0.000952742 -0.000952742  63.8171 10.5404 0.542174 4.36569
40 0.0173332 0.000952742 -0.000952742  63.8171 10.5404 0.542174 4.36569
45 0.0137962 0.000952742 -0.000952742  63.8171 10.5404 0.542174 4.36569
50 0.0137962 0.000952742 -0.000952742  63.8171 10.5404 0.542174 4.36569
55 0.0137962 0.000952742 -0.000952742  63.8171 10.5404 0.542174 4.36569
60 0.0137962 0.000952742 -0.000952742  63.8171 10.5404 0.542174 4.36569
65 0.0137962 0.000952742 -0.000952742  63.8171 10.5404 0.542174 4.36569
70 0.0137962 0.000952742 -0.000952742  63.8171 10.5404 0.542174 4.36569
75 0.0136907 0.000952742 -0.000952742  63.8171 10.5404 0.542174 4.36569
80 0.0136907 0.000952742 -0.000952742  63.8171 10.5404 0.542174 4.36569
85 0.0136907 0.000952742 -0.000952742  63.8171 10.5404 0.542174 4.36569
90 0.0136907 0.000952742 -0.000952742  63.8171 10.5404 0.542174 4.36569
95 0.0136907 0.000952742 -0.000952742  63.8171 10.5404 0.542174 4.36569
100 0.0136907 0.000952742 -0.000952742  63.8171 10.5404 0.542174 4.36569
5 0 0.014786 -0.014786  62.1534 14.755 8.19165 4.52444
10 0 0.0010964 -0.0010964  81.953 12.949 15.6011 6.13797
15 0.0206128 0.0010964 -0.0010964  81.953 12.949 15.6011 6.13797
20 0.0206128 0.0010964 -0.0010964  81.953 12.949 15.6011 6.13797
25 0.0206128 0.0010964 -0.0010964  81.953 12.949 15.6011 6.13797
30 0.0206128 0.0010964 -0.0010964  81.953 12.949 15.6011 6.13797
35 0.0206128 0.0010964 -0.0010964  81.953 12.949 15.6011 6.13797
40 0.0206128 0.0010964 -0.0010964  81.953 12.949 15.6011 6.13797
45 0.0172169 0.00105356 -0.00105356  82.7683 13.6012 15.4497 6.11324
50 0.0172169 0.00105356 -0.00105356  82.7683 13.6012 15.4497 6.11324
55 0.0172169 0.00105356 -0.00105356  82.7683 13.6012 15.4497 6.11324
60 0.0172169 0.00105356 -0.00105356  82.7683 13.6012 15.4497 6.11324
65 0.0172169 0.00105356 -0.00105356  82.7683 13.6012 15.4497 6.11324
70 0.0172169 0.00105356 -0.00105356  82.7683 13.6012 15.4497 6.11324
75 0.0172169 0.00105356 -0.00105356  82.7683 13.6012 15.4497 6.11324
80 0.0172169 0.00105356 -0.00105356  82.7683 13.6012 15.4497 6.11324
85 0.0172169 0.00105356 -0.00105356  82.7683 13.6012 15.4497 6.11324
90 0.0146928 0.000993185 -0.000993185  82.9196 13.5787 15.2465 6.16245
95 0.0146928 0.000993185 -0.000993185  82.9196 13.5787 15.2465 6.16245
100 0.0146928 0.000993185 -0.000993185  82.9196 13.5787 15.2465 6.16245
5 0 0.0109181 -0.0109181  85.8798 5.86881 12.9335 5.92572
10 0 0.00826135 -0.00826135  93.6327 18.9301 19.5246 3.14581
15 0.0180578 0.00826135 -0.00826135  93.6327 18.9301 19.5246 3.14581
20 0.0180578 0.00826135 -0.00826135  93.6327 18.9301 19.5246 3.14581
25 0.0180578 0.00826135 -0.00826135  93.6327 18.9301 19.5246 3.14581
30 0.0180578 0.00725851 -0.00725851  94.7441 18.7045 19.4664 3.13597
35 0.0180578 0.00725851 -0.00725851  94.7441 18.7045 19.4664 3.13597
40 0.0180578 0.00725851 -0.00725851  94.7441 18.7045 19.4664 3.13597
45 0.0162733 0.00590545 -0.00590545  94.5799 18.2888 19.2373 3.19796
50 0.0162733 0.00590545 -0.00590545  94.5799 18.2888 19.2373 3.19796
55 0.0162733 0.00590545 -0.00590545  94.5799 18.2888 19.2373 3.19796
60 0.0162733 0.00590545 -0.00590545  94.5799 18.2888 19.2373 3.19796
65 0.0162733 0.00590545 -0.00590545  94.5799 18.2888 19.2373 3.19796
70 0.0162733 0.00590545 -0.00590545  94.5799 18.2888 19.2373 3.19796
75 0.0168847 0.00555117 -0.00555117  65.0523 12.8499 10.3192 5.46123
80 0.0168847 0.00555117 -0.00555117  65.0523 12.8499 10.3192 5.46123
85 0.0168847 0.00555117 -0.00555117  65.0523 12.8499 10.3192 5.46123
90 0.0168847 0.00555117 -0.00555117  65.0523 12.8499 10.3192 5.46123
95 0.0168847 0.00555117 -0.00555117  65.0523 12.8499 10.3192 5.46123
100 0.0168847 0.00555117 -0.00555117  65.0523 12.8499 10.3192 5.46123

popSize nClones suppressionThreshold newPopPercentage errorThreshold 
10 3 0.6 0.4 0.1
5 0 0.00445946 -0.00445946  78.0665 12.4332 10.8327 1.33144
10 0 0.00445946 -0.00445946  78.0665 12.4332 10.8327 1.33144
15 0.0202662 0.00445946 -0.00445946  78.0665 12.4332 10.8327 1.33144
20 0.0202662 0.00445946 -0.00445946  78.0665 12.4332 10.8327 1.33144
25 0.0202662 0.00445946 -0.00445946  78.0665 12.4332 10.8327 1.33144
30 0.0202662 0.00445946 -0.00445946  78.0665 12.4332 10.8327 1.33144
35 0.0202662 0.00445946 -0.00445946  78.0665 12.4332 10.8327 1.33144
40 0.0202662 0.00445946 -0.00445946  78.0665 12.4332 10.8327 1.33144
45 0.0238332 0.00445946 -0.00445946  78.0665 12.4332 10.8327 1.33144
50 0.0238332 0.00445946 -0.00445946  78.0665 12.4332 10.8327 1.33144
55 0.0238332 0.00445946 -0.00445946  78.0665 12.4332 10.8327 1.33144
60 0.0238332 0.00445946 -0.00445946  78.0665 12.4332 10.8327 1.33144
65 0.0209901 0.00354361 -0.00354361  78.2609 12.2552 11.3241 1.33132
70 0.0209901 0.00354361 -0.00354361  78.2609 12.2552 11.3241 1.33132
75 0.0209901 0.00354361 -0.00354361  78.2609 12.2552 11.3241 1.33132
80 0.0209901 0.00354361 -0.00354361  78.2609 12.2552 11.3241 1.33132
85 0.0205383 0.00271178 -0.00271178  64.1316 15.2164 11.9592 1.08423
90 0.0205383 0.00271178 -0.00271178  64.1316 15.2164 11.9592 1.08423
95 0.0205383 0.00271178 -0.00271178  64.1316 15.2164 11.9592 1.08423
100 0.0205383 0.00245661 -0.00245661  64.3133 15.1713 12.1019 0.98875
5 0 0.0011288 -0.0011288  91.0469 12.1884 14.6651 4.92994
10 0 0.0011288 -0.0011288  91.0469 12.1884 14.6651 4.92994
15 0.0124978 0.0011288 -0.0011288  91.0469 12.1884 14.6651 4.92994
20 0.0124978 0.0011288 -0.0011288  91.0469 12.1884 14.6651 4.92994
25 0.0124978 0.0011288 -0.0011288  91.0469 12.1884 14.6651 4.92994
30 0.0124978 0.0011288 -0.0011288  91.0469 12.1884 14.6651 4.92994
35 0.0124978 0.0011288 -0.0011288  91.0469 12.1884 14.6651 4.92994
40 0.0124978 0.0011288 -0.0011288  91.0469 12.1884 14.6651 4.92994
45 0.00997945 0.00110409 -0.00110409  90.8257 12.1942 14.7564 4.87291
50 0.00997945 0.00110409 -0.00110409  90.8257 12.1942 14.7564 4.87291
55 0.00997945 0.00110409 -0.00110409  90.8257 12.1942 14.7564 4.87291
60 0.00997945 0.00110409 -0.00110409  90.8257 12.1942 14.7564 4.87291
65 0.00997945 0.00110409 -0.00110409  90.8257 12.1942 14.7564 4.87291
70 0.00997945 0.00110409 -0.00110409  90.8257 12.1942 14.7564 4.87291
75 0.00337718 0.00110409 -0.00110409  90.8257 12.1942 14.7564 4.87291
80 0.00337718 0.00110409 -0.00110409  90.8257 12.1942 14.7564 4.87291
85 0.00431126 0.00110409 -0.00110409  90.8257 12.1942 14.7564 4.87291
90 0.00431126 0.00110409 -0.00110409  90.8257 12.1942 14.7564 4.87291
95 0.00431126 0.00110409 -0.00110409  90.8257 12.1942 14.7564 4.87291
100 0.00907291 0.00110409 -0.00110409  90.8257 12.1942 14.7564 4.87291
5 0 0.010682 -0.010682  68.3387 17.5277 10.0977 2.73526
10 0 0.0021516 -0.0021516  91.7673 17.437 16.178 2.35361
15 0.0183078 0.0021516 -0.0021516  91.7673 17.437 16.178 2.35361
20 0.0183078 0.0021516 -0.0021516  91.7673 17.437 16.178 2.35361
25 0.0183078 0.0021516 -0.0021516  91.7673 17.437 16.178 2.35361
30 0.0183078 0.0021516 -0.0021516  91.7673 17.437 16.178 2.35361
35 0.0183078 0.0021516 -0.0021516  91.7673 17.437 16.178 2.35361
40 0.0183078 0.002056 -0.002056  92.2091 17.3875 16.2211 2.32397
45 0.0162932 0.002056 -0.002056  92.2091 17.3875 16.2211 2.32397
50 0.0162932 0.002056 -0.002056  92.2091 17.3875 16.2211 2.32397
55 0.0162932 0.002056 -0.002056  92.2091 17.3875 16.2211 2.32397
60 0.0162932 0.002056 -0.002056  92.2091 17.3875 16.2211 2.32397
65 0.0162932 0.002056 -0.002056  92.2091 17.3875 16.2211 2.32397
70 0.0162932 0.00188106 -0.00188106  92.0779 17.1997 16.0797 2.37481
75 0.0161054 0.00180312 -0.00180312  91.2244 16.857 16.0863 2.38404
80 0.0161054 0.00180312 -0.00180312  91.2244 16.857 16.0863 2.38404
85 0.0136744 0.00159529 -0.00159529  84.7023 15.3046 17.6218 4.04838
90 0.0136744 0.00159529 -0.00159529  84.7023 15.3046 17.6218 4.04838
95 0.0136744 0.00144726 -0.00144726  84.431 14.8334 17.4351 4.05771
100 0.0195266 0.00144726 -0.00144726  84.431 14.8334 17.4351 4.05771
5 0 0.00233224 -0.00233224  90.4755 10.9756 17.2601 5.57089
10 0 0.00233224 -0.00233224  90.4755 10.9756 17.2601 5.57089
15 0.0150911 0.00233224 -0.00233224  90.4755 10.9756 17.2601 5.57089
20 0.0150911 0.00231545 -0.00231545  91.0113 11.1532 17.4198 5.55533
25 0.0150911 0.00231545 -0.00231545  91.0113 11.1532 17.4198 5.55533
30 0.0150911 0.00231545 -0.00231545  91.0113 11.1532 17.4198 5.55533
35 0.0150911 0.00231545 -0.00231545  91.0113 11.1532 17.4198 5.55533
40 0.0150911 0.00231545 -0.00231545  91.0113 11.1532 17.4198 5.55533
45 0.0127224 0.00231545 -0.00231545  91.0113 11.1532 17.4198 5.55533
50 0.0127224 0.00200835 -0.00200835  91.2751 11.3668 17.4216 5.46485
55 0.0127224 0.00200835 -0.00200835  91.2751 11.3668 17.4216 5.46485
60 0.0127224 0.00200835 -0.00200835  91.2751 11.3668 17.4216 5.46485
65 0.0127224 0.00200835 -0.00200835  91.2751 11.3668 17.4216 5.46485
70 0.0127224 0.00200835 -0.00200835  91.2751 11.3668 17.4216 5.46485
75 0.0103906 0.00147548 -0.00147548  91.7102 11.6744 17.0197 5.40912
80 0.0103906 0.00147548 -0.00147548  91.7102 11.6744 17.0197 5.40912
85 0.0103906 0.00147548 -0.00147548  91.7102 11.6744 17.0197 5.40912
90 0.0103906 0.00147548 -0.00147548  91.7102 11.6744 17.0197 5.40912
95 0.0112207 0.00143935 -0.00143935  91.5799 11.5836 16.8386 5.45933
100 0.0112207 0.00143935 -0.00143935  91.5799 11.5836 16.8386 5.45933
5 0 0.00286891 -0.00286891  70.392 12.6752 13.5113 0.644828
10 0 0.00195941 -0.00195941  68.6057 16.7135 16.1847 6.09774
15 0.0130312 0.00195941 -0.00195941  68.6057 16.7135 16.1847 6.09774
20 0.0130312 0.00195941 -0.00195941  68.6057 16.7135 16.1847 6.09774
25 0.0130312 0.00195941 -0.00195941  68.6057 16.7135 16.1847 6.09774
30 0.0130312 0.00195941 -0.00195941  68.6057 16.7135 16.1847 6.09774
35 0.0130312 0.00180649 -0.00180649  68.8023 16.716 16.1391 6.04017
40 0.0130312 0.00180649 -0.00180649  68.8023 16.716 16.1391 6.04017
45 0.00982674 0.00180649 -0.00180649  68.8023 16.716 16.1391 6.04017
50 0.00982674 0.00180649 -0.00180649  68.8023 16.716 16.1391 6.04017
55 0.00982674 0.00180649 -0.00180649  68.8023 16.716 16.1391 6.04017
60 0.00982674 0.00180649 -0.00180649  68.8023 16.716 16.1391 6.04017
65 0.00982674 0.00171801 -0.00171801  69.7742 16.8995 16.0837 6.07101
70 0.00982674 0.00171801 -0.00171801  69.7742 16.8995 16.0837 6.07101
75 0.0107741 0.00171801 -0.00171801  69.7742 16.8995 16.0837 6.07101
80 0.0107741 0.00171801 -0.00171801  69.7742 16.8995 16.0837 6.07101
85 0.0107741 0.00171801 -0.00171801  69.7742 16.8995 16.0837 6.07101
90 0.0107741 0.00171801 -0.00171801  69.7742 16.8995 16.0837 6.07101
95 0.0158673 0.00171801 -0.00171801  69.7742 16.8995 16.0837 6.07101
100 0.0158673 0.00144751 -0.00144751  71.5417 13.9134 13.7762 0.561077

popSize nClones suppressionThreshold newPopPercentage errorThreshold 
10 4 0.6 0.4 0.1
5 0 0.0153334 -0.0153334  51.7999 13.5748 15.2559 1.47244
10 0 0.00872866 -0.00872866  71.1941 10.4447 8.53905 0.261617
15 0.0210503 0.00872866 -0.00872866  71.1941 10.4447 8.53905 0.261617
20 0.0210503 0.00872866 -0.00872866  71.1941 10.4447 8.53905 0.261617
25 0.0210503 0.00872866 -0.00872866  71.1941 10.4447 8.53905 0.261617
30 0.0210503 0.00872866 -0.00872866  71.1941 10.4447 8.53905 0.261617
35 0.0210503 0.00777726 -0.00777726  70.407 10.4235 8.56363 0.362394
40 0.0210503 0.00777726 -0.00777726  70.407 10.4235 8.56363 0.362394
45 0.0210503 0.00777726 -0.00777726  70.407 10.4235 8.56363 0.362394
50 0.0210503 0.00777726 -0.00777726  70.407 10.4235 8.56363 0.362394
55 0.018859 0.00777726 -0.00777726  70.407 10.4235 8.56363 0.362394
60 0.018859 0.00777726 -0.00777726  70.407 10.4235 8.56363 0.362394
65 0.018859 0.00777726 -0.00777726  70.407 10.4235 8.56363 0.362394
70 0.018859 0.00777726 -0.00777726  70.407 10.4235 8.56363 0.362394
75 0.018859 0.00748193 -0.00748193  71.3087 10.1101 8.79328 0.311655
80 0.018859 0.00748193 -0.00748193  71.3087 10.1101 8.79328 0.311655
85 0.018859 0.00748193 -0.00748193  71.3087 10.1101 8.79328 0.311655
90 0.018859 0.00748193 -0.00748193  71.3087 10.1101 8.79328 0.311655
95 0.0135849 0.00685384 -0.00685384  72.1772 9.66686 8.87258 0.434443
100 0.0135849 0.00685384 -0.00685384  72.1772 9.66686 8.87258 0.434443
5 0 0.00473341 -0.00473341  53.3684 15.3915 10.792 2.37831
10 0 0.00473341 -0.00473341  53.3684 15.3915 10.792 2.37831
15 0.0153669 0.00473341 -0.00473341  53.3684 15.3915 10.792 2.37831
20 0.0153669 0.00473341 -0.00473341  53.3684 15.3915 10.792 2.37831
25 0.0153669 0.00408596 -0.00408596  53.2764 15.5702 11.1513 2.32134
30 0.0153669 0.00408596 -0.00408596  53.2764 15.5702 11.1513 2.32134
35 0.0153669 0.00408596 -0.00408596  53.2764 15.5702 11.1513 2.32134
40 0.0153669 0.00408596 -0.00408596  53.2764 15.5702 11.1513 2.32134
45 0.0153669 0.00408596 -0.00408596  53.2764 15.5702 11.1513 2.32134
50 0.0153669 0.00408596 -0.00408596  53.2764 15.5702 11.1513 2.32134
55 0.0113026 0.00408596 -0.00408596  53.2764 15.5702 11.1513 2.32134
60 0.0113026 0.00408596 -0.00408596  53.2764 15.5702 11.1513 2.32134
65 0.0113026 0.00378683 -0.00378683  53.4675 15.5293 11.3741 2.34605
70 0.0113026 0.00378683 -0.00378683  53.4675 15.5293 11.3741 2.34605
75 0.0113026 0.00378683 -0.00378683  53.4675 15.5293 11.3741 2.34605
80 0.0113026 0.00378683 -0.00378683  53.4675 15.5293 11.3741 2.34605
85 0.0113026 0.00378683 -0.00378683  53.4675 15.5293 11.3741 2.34605
90 0.0113026 0.00378683 -0.00378683  53.4675 15.5293 11.3741 2.34605
95 0.00912935 0.00378683 -0.00378683  53.4675 15.5293 11.3741 2.34605
100 0.00912935 0.00378683 -0.00378683  53.4675 15.5293 11.3741 2.34605
5 0 0.00212444 -0.00212444  89.6302 13.1606 18.8511 3.06861
10 0 0.00156761 -0.00156761  63.6044 15.4942 13.507 5.65369
15 0.0097048 0.00156761 -0.00156761  63.6044 15.4942 13.507 5.65369
20 0.0097048 0.00156761 -0.00156761  63.6044 15.4942 13.507 5.65369
25 0.0097048 0.00156761 -0.00156761  63.6044 15.4942 13.507 5.65369
30 0.0097048 0.00156761 -0.00156761  63.6044 15.4942 13.507 5.65369
35 0.0097048 0.00156761 -0.00156761  63.6044 15.4942 13.507 5.65369
40 0.0097048 0.00156761 -0.00156761  63.6044 15.4942 13.507 5.65369
45 0.0097048 0.00156761 -0.00156761  63.6044 15.4942 13.507 5.65369
50 0.0097048 0.00156761 -0.00156761  63.6044 15.4942 13.507 5.65369
55 0.00338169 0.00156761 -0.00156761  63.6044 15.4942 13.507 5.65369
60 0.00338169 0.00156761 -0.00156761  63.6044 15.4942 13.507 5.65369
65 0.00338169 0.00156761 -0.00156761  63.6044 15.4942 13.507 5.65369
70 0.00338169 0.00156761 -0.00156761  63.6044 15.4942 13.507 5.65369
75 0.00666372 0.00156761 -0.00156761  63.6044 15.4942 13.507 5.65369
80 0.00666372 0.00156761 -0.00156761  63.6044 15.4942 13.507 5.65369
85 0.00666372 0.00156761 -0.00156761  63.6044 15.4942 13.507 5.65369
90 0.00666372 0.00156761 -0.00156761  63.6044 15.4942 13.507 5.65369
95 0.00666372 0.00156761 -0.00156761  63.6044 15.4942 13.507 5.65369
100 0.00798298 0.00156761 -0.00156761  63.6044 15.4942 13.507 5.65369
5 0 0.00290107 -0.00290107  53.0104 17.3471 14.9429 4.95877
10 0 0.000695367 -0.000695367  52.1001 5.13216 14.4229 2.41005
15 0.0102655 0.000695367 -0.000695367  52.1001 5.13216 14.4229 2.41005
20 0.0102655 0.000695367 -0.000695367  52.1001 5.13216 14.4229 2.41005
25 0.0102655 0.000695367 -0.000695367  52.1001 5.13216 14.4229 2.41005
30 0.0102655 0.000695367 -0.000695367  52.1001 5.13216 14.4229 2.41005
35 0.0102655 0.000695367 -0.000695367  52.1001 5.13216 14.4229 2.41005
40 0.0102655 0.000695367 -0.000695367  52.1001 5.13216 14.4229 2.41005
45 0.0102655 0.000695367 -0.000695367  52.1001 5.13216 14.4229 2.41005
50 0.0102655 0.000695367 -0.000695367  52.1001 5.13216 14.4229 2.41005
55 0.00918716 0.000695367 -0.000695367  52.1001 5.13216 14.4229 2.41005
60 0.00918716 0.000695367 -0.000695367  52.1001 5.13216 14.4229 2.41005
65 0.00918716 0.000695367 -0.000695367  52.1001 5.13216 14.4229 2.41005
70 0.00918716 0.000695367 -0.000695367  52.1001 5.13216 14.4229 2.41005
75 0.00918716 0.000695367 -0.000695367  52.1001 5.13216 14.4229 2.41005
80 0.00918716 0.000695367 -0.000695367  52.1001 5.13216 14.4229 2.41005
85 0.0127167 0.000695367 -0.000695367  52.1001 5.13216 14.4229 2.41005
90 0.0127167 0.000695367 -0.000695367  52.1001 5.13216 14.4229 2.41005
95 0.0127167 0.000695367 -0.000695367  52.1001 5.13216 14.4229 2.41005
100 0.0127167 0.000695367 -0.000695367  52.1001 5.13216 14.4229 2.41005
5 0 0.00209879 -0.00209879  59.9493 17.3773 12.7116 5.07995
10 0 0.00209879 -0.00209879  59.9493 17.3773 12.7116 5.07995
15 0.0167919 0.00209879 -0.00209879  59.9493 17.3773 12.7116 5.07995
20 0.0167919 0.00209879 -0.00209879  59.9493 17.3773 12.7116 5.07995
25 0.0167919 0.00209879 -0.00209879  59.9493 17.3773 12.7116 5.07995
30 0.0167919 0.00209879 -0.00209879  59.9493 17.3773 12.7116 5.07995
35 0.0167919 0.00209879 -0.00209879  59.9493 17.3773 12.7116 5.07995
40 0.0167919 0.00209879 -0.00209879  59.9493 17.3773 12.7116 5.07995
45 0.0167919 0.00209879 -0.00209879  59.9493 17.3773 12.7116 5.07995
50 0.0167919 0.00209879 -0.00209879  59.9493 17.3773 12.7116 5.07995
55 0.0136781 0.00209879 -0.00209879  59.9493 17.3773 12.7116 5.07995
60 0.0136781 0.00209879 -0.00209879  59.9493 17.3773 12.7116 5.07995
65 0.0136781 0.00209879 -0.00209879  59.9493 17.3773 12.7116 5.07995
70 0.0136781 0.00209879 -0.00209879  59.9493 17.3773 12.7116 5.07995
75 0.0136781 0.00209879 -0.00209879  59.9493 17.3773 12.7116 5.07995
80 0.0136781 0.00209879 -0.00209879  59.9493 17.3773 12.7116 5.07995
85 0.0136781 0.00209879 -0.00209879  59.9493 17.3773 12.7116 5.07995
90 0.0136781 0.00209879 -0.00209879  59.9493 17.3773 12.7116 5.07995
95 0.0130638 0.00209879 -0.00209879  59.9493 17.3773 12.7116 5.07995
100 0.0130638 0.00209879 -0.00209879  59.9493 17.3773 12.7116 5.07995

