0.0167026
popSize bias beta 
10 0.8 0.7
5 0 0.00617182 -0.00617182  61.9972 13.7622 9.54721 1.73061
10 0 0.00276166 -0.00276166  50.7451 19.4546 12.7855 2.9772
15 0.0173986 0.00272901 -0.00272901  50.7451 19.4546 12.7855 1.73061
20 0.0173986 0.00217879 -0.00217879  64.8745 19.4546 13.8571 0.159614
25 0.00692453 0.00217879 -0.00217879  64.8745 19.4546 13.8571 0.159614
30 0.00487074 0.00217879 -0.00217879  64.8745 19.4546 13.8571 0.159614
35 0.00288735 0.00175886 -0.00175886  64.8745 16.3718 12.7855 5.64963
40 0.00288735 0.00132339 -0.00132339  74.5545 14.9995 13.5145 0.0898497
45 0.00220063 0.00132339 -0.00132339  74.5545 14.9995 13.5145 0.0898497
50 0.00200214 0.00132339 -0.00132339  74.5545 14.9995 13.5145 0.0898497
55 0.00184437 0.00132339 -0.00132339  74.5545 14.9995 13.5145 0.0898497
60 0.00184437 0.00132339 -0.00132339  74.5545 14.9995 13.5145 0.0898497
65 0.00158159 0.00132339 -0.00132339  74.5545 14.9995 13.5145 0.0898497
70 0.00136021 0.00108928 -0.00108928  76.5945 14.7113 15.3211 5.64963
75 0.00136021 0.00108928 -0.00108928  76.5945 14.7113 15.3211 5.64963
80 0.00123103 0.000980069 -0.000980069  83.5459 14.7113 15.3211 0.980234
85 0.00123103 0.000980069 -0.000980069  83.5459 14.7113 15.3211 0.980234
90 0.00109968 0.000967993 -0.000967993  83.5459 14.7113 15.3211 1.73537
95 0.00109968 0.000967993 -0.000967993  83.5459 14.7113 15.3211 1.73537
100 0.0010421 0.000967993 -0.000967993  83.5459 14.7113 15.3211 1.73537
5 0 0.00149862 -0.00149862  97.3998 10.383 15.0207 1.85378
10 0 0.00149862 -0.00149862  97.3998 10.383 15.0207 1.85378
15 0.0172667 0.00149862 -0.00149862  97.3998 10.383 15.0207 1.85378
20 0.0133619 0.00149862 -0.00149862  97.3998 10.383 15.0207 1.85378
25 0.0133619 0.00149862 -0.00149862  97.3998 10.383 15.0207 1.85378
30 0.0103867 0.00149862 -0.00149862  97.3998 10.383 15.0207 1.85378
35 0.00642443 0.00149862 -0.00149862  97.3998 10.383 15.0207 1.85378
40 0.00642443 0.00149862 -0.00149862  97.3998 10.383 15.0207 1.85378
45 0.00337659 0.00149862 -0.00149862  97.3998 10.383 15.0207 1.85378
50 0.00209622 0.00137995 -0.00137995  99.7802 10.383 14.4905 1.76202
55 0.00209622 0.00137995 -0.00137995  99.7802 10.383 14.4905 1.76202
60 0.00169688 0.00137995 -0.00137995  99.7802 10.383 14.4905 1.76202
65 0.00169688 0.00137995 -0.00137995  99.7802 10.383 14.4905 1.76202
70 0.00151534 0.00131858 -0.00131858  98.5662 10.8854 14.7609 1.80882
75 0.00151534 0.00131858 -0.00131858  98.5662 10.8854 14.7609 1.80882
80 0.00145123 0.00126279 -0.00126279  96.6002 12.7338 14.2993 3.31417
85 0.00142619 0.00108904 -0.00108904  89.4424 13.0721 14.2993 4.67262
90 0.00142619 0.00108904 -0.00108904  89.4424 13.0721 14.2993 4.67262
95 0.00122753 0.0010364 -0.0010364  94.9339 12.7205 14.9315 4.66387
100 0.00122753 0.0010364 -0.0010364  94.9339 12.7205 14.9315 4.66387
5 0 0.00285336 -0.00285336  69.7912 13.1717 15.8327 2.13097
10 0 0.00285336 -0.00285336  69.7912 13.1717 15.8327 2.13097
15 0.0179826 0.00285336 -0.00285336  69.7912 13.1717 15.8327 2.13097
20 0.00947813 0.00285336 -0.00285336  69.7912 13.1717 15.8327 2.13097
25 0.00603174 0.00285336 -0.00285336  69.7912 13.1717 15.8327 2.13097
30 0.00603174 0.00285336 -0.00285336  69.7912 13.1717 15.8327 2.13097
35 0.00386038 0.00157922 -0.00157922  69.7912 14.3951 14.4041 3.80766
40 0.00248133 0.000982126 -0.000982126  89.3678 13.9184 15.2041 1.7978
45 0.00248133 0.000982126 -0.000982126  89.3678 13.9184 15.2041 1.7978
50 0.00192002 0.000982126 -0.000982126  89.3678 13.9184 15.2041 1.7978
55 0.00192002 0.000982126 -0.000982126  89.3678 13.9184 15.2041 1.7978
60 0.00150879 0.000982126 -0.000982126  89.3678 13.9184 15.2041 1.7978
65 0.00150879 0.000982126 -0.000982126  89.3678 13.9184 15.2041 1.7978
70 0.00130268 0.000982126 -0.000982126  89.3678 13.9184 15.2041 1.7978
75 0.00130268 0.000974284 -0.000974284  85.2567 13.0076 14.7035 4.80706
80 0.00112256 0.000974284 -0.000974284  85.2567 13.0076 14.7035 4.80706
85 0.00112256 0.000974284 -0.000974284  85.2567 13.0076 14.7035 4.80706
90 0.00108072 0.000974284 -0.000974284  85.2567 13.0076 14.7035 4.80706
95 0.00108072 0.000974284 -0.000974284  85.2567 13.0076 14.7035 4.80706
100 0.0010439 0.000974284 -0.000974284  85.2567 13.0076 14.7035 4.80706
5 0 0.00135041 -0.00135041  71.482 16.0042 15.4447 0.359085
10 0 0.00135041 -0.00135041  71.482 16.0042 15.4447 0.359085
15 0.0156582 0.00135041 -0.00135041  71.482 16.0042 15.4447 0.359085
20 0.0156582 0.00135041 -0.00135041  71.482 16.0042 15.4447 0.359085
25 0.00658735 0.00135041 -0.00135041  71.482 16.0042 15.4447 0.359085
30 0.00380854 0.00135041 -0.00135041  71.482 16.0042 15.4447 0.359085
35 0.00380854 0.00135041 -0.00135041  71.482 16.0042 15.4447 0.359085
40 0.00257594 0.00126189 -0.00126189  72.6355 16.1392 14.9314 2.91639
45 0.002118 0.00126189 -0.00126189  72.6355 16.1392 14.9314 2.91639
50 0.00167626 0.00126189 -0.00126189  72.6355 16.1392 14.9314 2.91639
55 0.00167626 0.00120244 -0.00120244  75.9383 16.082 15.687 3.01514
60 0.00145773 0.00120244 -0.00120244  75.9383 16.082 15.687 3.01514
65 0.00129588 0.00120244 -0.00120244  75.9383 16.082 15.687 3.01514
70 0.00129588 0.00120244 -0.00120244  75.9383 16.082 15.687 3.01514
75 0.00126617 0.00115707 -0.00115707  75.9383 16.082 15.2907 2.93713
80 0.0012268 0.00115707 -0.00115707  75.9383 16.082 15.2907 2.93713
85 0.0012268 0.00115707 -0.00115707  75.9383 16.082 15.2907 2.93713
90 0.00121756 0.00115707 -0.00115707  75.9383 16.082 15.2907 2.93713
95 0.00121756 0.00115247 -0.00115247  76.7458 16.0158 15.3277 2.99441
100 0.00120177 0.00115247 -0.00115247  76.7458 16.0158 15.3277 2.99441
5 0 0.00190878 -0.00190878  79.9482 12.9883 17.3839 3.89967
10 0 0.00190878 -0.00190878  79.9482 12.9883 17.3839 3.89967
15 0.0166542 0.00190878 -0.00190878  79.9482 12.9883 17.3839 3.89967
20 0.0166542 0.00190878 -0.00190878  79.9482 12.9883 17.3839 3.89967
25 0.0100625 0.00167408 -0.00167408  69.5753 14.2629 14.6024 2.57401
30 0.00289947 0.00167408 -0.00167408  69.5753 14.2629 14.6024 2.57401
35 0.00289947 0.00167408 -0.00167408  69.5753 14.2629 14.6024 2.57401
40 0.00221045 0.00167408 -0.00167408  69.5753 14.2629 14.6024 2.57401
45 0.00221045 0.00167408 -0.00167408  69.5753 14.2629 14.6024 2.57401
50 0.00184619 0.00122258 -0.00122258  74.7458 14.1652 15.05 1.91292
55 0.00184619 0.00122258 -0.00122258  74.7458 14.1652 15.05 1.91292
60 0.00155709 0.00122258 -0.00122258  74.7458 14.1652 15.05 1.91292
65 0.00155709 0.00112092 -0.00112092  86.5234 12.4953 14.5589 2.88496
70 0.00140538 0.00112092 -0.00112092  86.5234 12.4953 14.5589 2.88496
75 0.00125265 0.00106856 -0.00106856  76.9811 13.9628 14.263 2.54201
80 0.00125265 0.00106856 -0.00106856  76.9811 13.9628 14.263 2.54201
85 0.00116116 0.00103665 -0.00103665  77.5145 13.8663 14.8693 2.587
90 0.00116116 0.00103032 -0.00103032  79.8461 14.7036 14.9133 3.99653
95 0.00111237 0.00103032 -0.00103032  79.8461 14.7036 14.9133 3.99653
100 0.00111237 0.00103032 -0.00103032  79.8461 14.7036 14.9133 3.99653

popSize bias beta 
10 0.7 0.8
5 0 0.00432091 -0.00432091  52.7286 17.5588 10.582 3.62339
10 0 0.00272146 -0.00272146  61.6676 19.8189 15.9696 6.25408
15 0.0183935 0.00272146 -0.00272146  61.6676 19.8189 15.9696 6.25408
20 0.0122444 0.00272146 -0.00272146  61.6676 19.8189 15.9696 6.25408
25 0.0122444 0.00167222 -0.00167222  81.0057 17.5588 15.8682 2.59083
30 0.00713933 0.00167222 -0.00167222  81.0057 17.5588 15.8682 2.59083
35 0.00713933 0.00167222 -0.00167222  81.0057 17.5588 15.8682 2.59083
40 0.00317153 0.00167222 -0.00167222  81.0057 17.5588 15.8682 2.59083
45 0.00270715 0.00167222 -0.00167222  81.0057 17.5588 15.8682 2.59083
50 0.00270715 0.00167222 -0.00167222  81.0057 17.5588 15.8682 2.59083
55 0.00215563 0.00115513 -0.00115513  83.0951 15.7506 15.7871 3.33274
60 0.00215563 0.00115513 -0.00115513  83.0951 15.7506 15.7871 3.33274
65 0.00173461 0.00115513 -0.00115513  83.0951 15.7506 15.7871 3.33274
70 0.00173461 0.00115513 -0.00115513  83.0951 15.7506 15.7871 3.33274
75 0.00151065 0.00115513 -0.00115513  83.0951 15.7506 15.7871 3.33274
80 0.00151065 0.00115513 -0.00115513  83.0951 15.7506 15.7871 3.33274
85 0.00137773 0.00115513 -0.00115513  83.0951 15.7506 15.7871 3.33274
90 0.00126738 0.00115513 -0.00115513  83.0951 15.7506 15.7871 3.33274
95 0.00126738 0.00115513 -0.00115513  83.0951 15.7506 15.7871 3.33274
100 0.00120733 0.00115022 -0.00115022  82.4488 15.5915 15.9696 3.09576
5 0 0.00232756 -0.00232756  90.4176 17.9413 16.0958 0.509289
10 0 0.00144575 -0.00144575  78.1503 16.3193 16.1379 1.71576
15 0.0114255 0.00144575 -0.00144575  78.1503 16.3193 16.1379 1.71576
20 0.00545877 0.00144575 -0.00144575  78.1503 16.3193 16.1379 1.71576
25 0.00545877 0.00144575 -0.00144575  78.1503 16.3193 16.1379 1.71576
30 0.00239089 0.00144575 -0.00144575  78.1503 16.3193 16.1379 1.71576
35 0.00239089 0.00113348 -0.00113348  89.9922 15.0216 16.0958 2.68093
40 0.00168562 0.00113348 -0.00113348  89.9922 15.0216 16.0958 2.68093
45 0.00168562 0.00113348 -0.00113348  89.9922 15.0216 16.0958 2.68093
50 0.00155593 0.00113348 -0.00113348  89.9922 15.0216 16.0958 2.68093
55 0.00136735 0.00113348 -0.00113348  89.9922 15.0216 16.0958 2.68093
60 0.00136735 0.00104984 -0.00104984  94.0038 12.6759 16.1379 1.57013
65 0.00123939 0.00104984 -0.00104984  94.0038 12.6759 16.1379 1.57013
70 0.00114622 0.00104984 -0.00104984  94.0038 12.6759 16.1379 1.57013
75 0.00114622 0.00104984 -0.00104984  94.0038 12.6759 16.1379 1.57013
80 0.00110713 0.00104984 -0.00104984  94.0038 12.6759 16.1379 1.57013
85 0.00110713 0.00104984 -0.00104984  94.0038 12.6759 16.1379 1.57013
90 0.00109316 0.00104984 -0.00104984  94.0038 12.6759 16.1379 1.57013
95 0.00109316 0.00104984 -0.00104984  94.0038 12.6759 16.1379 1.57013
100 0.00108322 0.00104984 -0.00104984  94.0038 12.6759 16.1379 1.57013
5 0 0.00121397 -0.00121397  95.1444 14.3202 15.8903 4.87957
10 0 0.00121397 -0.00121397  95.1444 14.3202 15.8903 4.87957
15 0.0147268 0.00121397 -0.00121397  95.1444 14.3202 15.8903 4.87957
20 0.00495123 0.00121397 -0.00121397  95.1444 14.3202 15.8903 4.87957
25 0.00495123 0.00121397 -0.00121397  95.1444 14.3202 15.8903 4.87957
30 0.00267207 0.00121397 -0.00121397  95.1444 14.3202 15.8903 4.87957
35 0.00267207 0.00103998 -0.00103998  95.1444 14.3202 15.8903 1.12031
40 0.00150279 0.00103998 -0.00103998  95.1444 14.3202 15.8903 1.12031
45 0.00115838 0.0010215 -0.0010215  80.5467 14.9137 14.6536 1.57938
50 0.00115838 0.0010215 -0.0010215  80.5467 14.9137 14.6536 1.57938
55 0.00110154 0.0010215 -0.0010215  80.5467 14.9137 14.6536 1.57938
60 0.00110154 0.0010215 -0.0010215  80.5467 14.9137 14.6536 1.57938
65 0.00108945 0.0010215 -0.0010215  80.5467 14.9137 14.6536 1.57938
70 0.00108945 0.0010215 -0.0010215  80.5467 14.9137 14.6536 1.57938
75 0.00105021 0.000965309 -0.000965309  95.5422 12.753 15.8903 1.12295
80 0.00102369 0.000965309 -0.000965309  95.5422 12.753 15.8903 1.12295
85 0.00102369 0.000965309 -0.000965309  95.5422 12.753 15.8903 1.12295
90 0.00100215 0.000963818 -0.000963818  95.1444 13.2738 15.8903 0.546464
95 0.00100215 0.000963818 -0.000963818  95.1444 13.2738 15.8903 0.546464
100 0.000983237 0.000963818 -0.000963818  95.1444 13.2738 15.8903 0.546464
5 0 0.00966526 -0.00966526  78.9301 3.93711 5.85725 6.22876
10 0 0.00966526 -0.00966526  78.9301 3.93711 5.85725 6.22876
15 0.0192402 0.00966526 -0.00966526  78.9301 3.93711 5.85725 6.22876
20 0.0140166 0.00966526 -0.00966526  78.9301 3.93711 5.85725 6.22876
25 0.0140166 0.00966526 -0.00966526  78.9301 3.93711 5.85725 6.22876
30 0.0121939 0.00792891 -0.00792891  68.8968 16.0691 10.2734 4.3697
35 0.0102614 0.00523815 -0.00523815  75.0688 11.215 10.2734 4.64895
40 0.0102614 0.00523815 -0.00523815  75.0688 11.215 10.2734 4.64895
45 0.00905943 0.00523815 -0.00523815  75.0688 11.215 10.2734 4.64895
50 0.00905943 0.00523815 -0.00523815  75.0688 11.215 10.2734 4.64895
55 0.00848229 0.00523815 -0.00523815  75.0688 11.215 10.2734 4.64895
60 0.00848229 0.00523815 -0.00523815  75.0688 11.215 10.2734 4.64895
65 0.00820378 0.00523815 -0.00523815  75.0688 11.215 10.2734 4.64895
70 0.00712704 0.00523815 -0.00523815  75.0688 11.215 10.2734 4.64895
75 0.00712704 0.00523815 -0.00523815  75.0688 11.215 10.2734 4.64895
80 0.00610368 0.00523815 -0.00523815  75.0688 11.215 10.2734 4.64895
85 0.00561526 0.00523815 -0.00523815  75.0688 11.215 10.2734 4.64895
90 0.00561526 0.00523815 -0.00523815  75.0688 11.215 10.2734 4.64895
95 0.00540926 0.00523815 -0.00523815  75.0688 11.215 10.2734 4.64895
100 0.00540926 0.00523815 -0.00523815  75.0688 11.215 10.2734 4.64895
5 0 0.00724113 -0.00724113  92.7815 15.3526 11.5847 1.02866
10 0 0.0011545 -0.0011545  96.0186 13.2427 17.0601 1.09096
15 0.0211506 0.0011545 -0.0011545  96.0186 13.2427 17.0601 1.09096
20 0.0157133 0.0011545 -0.0011545  96.0186 13.2427 17.0601 1.09096
25 0.0157133 0.0011545 -0.0011545  96.0186 13.2427 17.0601 1.09096
30 0.00964906 0.0011545 -0.0011545  96.0186 13.2427 17.0601 1.09096
35 0.00964906 0.0011545 -0.0011545  96.0186 13.2427 17.0601 1.09096
40 0.00505837 0.0011545 -0.0011545  96.0186 13.2427 17.0601 1.09096
45 0.00505837 0.0011545 -0.0011545  96.0186 13.2427 17.0601 1.09096
50 0.00350168 0.0011545 -0.0011545  96.0186 13.2427 17.0601 1.09096
55 0.00185886 0.0011545 -0.0011545  96.0186 13.2427 17.0601 1.09096
60 0.00185886 0.0011545 -0.0011545  96.0186 13.2427 17.0601 1.09096
65 0.00132494 0.0011545 -0.0011545  96.0186 13.2427 17.0601 1.09096
70 0.00115766 0.0011545 -0.0011545  96.0186 13.2427 17.0601 1.09096
75 0.00114675 0.00107703 -0.00107703  91.1947 12.5105 14.7082 0.986164
80 0.00114675 0.00107703 -0.00107703  91.1947 12.5105 14.7082 0.986164
85 0.00114675 0.00107703 -0.00107703  91.1947 12.5105 14.7082 0.986164
90 0.00113852 0.00107703 -0.00107703  91.1947 12.5105 14.7082 0.986164
95 0.00113852 0.00107703 -0.00107703  91.1947 12.5105 14.7082 0.986164
100 0.00113852 0.00107703 -0.00107703  91.1947 12.5105 14.7082 0.986164

popSize bias beta 
10 0.8 0.8
5 0 0.00270017 -0.00270017  72.3178 15.762 17.6717 0.945686
10 0 0.0013328 -0.0013328  73.3956 13.9175 14.2918 3.58077
15 0.010021 0.0013328 -0.0013328  73.3956 13.9175 14.2918 3.58077
20 0.00390566 0.0013328 -0.0013328  73.3956 13.9175 14.2918 3.58077
25 0.00390566 0.0013328 -0.0013328  73.3956 13.9175 14.2918 3.58077
30 0.00233978 0.0013328 -0.0013328  73.3956 13.9175 14.2918 3.58077
35 0.00233978 0.0011278 -0.0011278  78.5636 14.6891 15.0959 0.401569
40 0.00169971 0.0011278 -0.0011278  78.5636 14.6891 15.0959 0.401569
45 0.00169971 0.00106255 -0.00106255  78.5636 14.6891 15.0959 1.13719
50 0.00139817 0.00106255 -0.00106255  78.5636 14.6891 15.0959 1.13719
55 0.00127965 0.00106255 -0.00106255  78.5636 14.6891 15.0959 1.13719
60 0.00127965 0.00106255 -0.00106255  78.5636 14.6891 15.0959 1.13719
65 0.00120576 0.00106255 -0.00106255  78.5636 14.6891 15.0959 1.13719
70 0.00113703 0.00106255 -0.00106255  78.5636 14.6891 15.0959 1.13719
75 0.00113703 0.00106255 -0.00106255  78.5636 14.6891 15.0959 1.13719
80 0.00112134 0.00106255 -0.00106255  78.5636 14.6891 15.0959 1.13719
85 0.00112134 0.00106255 -0.00106255  78.5636 14.6891 15.0959 1.13719
90 0.00110835 0.00106255 -0.00106255  78.5636 14.6891 15.0959 1.13719
95 0.00109789 0.00106255 -0.00106255  78.5636 14.6891 15.0959 1.13719
100 0.00109789 0.00106255 -0.00106255  78.5636 14.6891 15.0959 1.13719
5 0 0.001648 -0.001648  61.712 17.6186 13.6638 2.67124
10 0 0.001648 -0.001648  61.712 17.6186 13.6638 2.67124
15 0.0192457 0.001648 -0.001648  61.712 17.6186 13.6638 2.67124
20 0.00798586 0.00111891 -0.00111891  85.7423 12.2576 14.9621 5.77179
25 0.00798586 0.00111891 -0.00111891  85.7423 12.2576 14.9621 5.77179
30 0.00474667 0.00111891 -0.00111891  85.7423 12.2576 14.9621 5.77179
35 0.0030685 0.00111891 -0.00111891  85.7423 12.2576 14.9621 5.77179
40 0.0030685 0.00111891 -0.00111891  85.7423 12.2576 14.9621 5.77179
45 0.00192404 0.00111891 -0.00111891  85.7423 12.2576 14.9621 5.77179
50 0.00153661 0.00111891 -0.00111891  85.7423 12.2576 14.9621 5.77179
55 0.00153661 0.00111891 -0.00111891  85.7423 12.2576 14.9621 5.77179
60 0.00121545 0.00111891 -0.00111891  85.7423 12.2576 14.9621 5.77179
65 0.00112264 0.00111891 -0.00111891  85.7423 12.2576 14.9621 5.77179
70 0.00111891 0.00111891 -0.00111891  85.7423 12.2576 14.9621 5.77179
75 0.00111891 0.00111891 -0.00111891  85.7423 12.2576 14.9621 5.77179
80 0.00111891 0.00111891 -0.00111891  85.7423 12.2576 14.9621 5.77179
85 0.00111891 0.00111891 -0.00111891  85.7423 12.2576 14.9621 5.77179
90 0.00111891 0.00111891 -0.00111891  85.7423 12.2576 14.9621 5.77179
95 0.00111891 0.00111891 -0.00111891  85.7423 12.2576 14.9621 5.77179
100 0.00111891 0.00111891 -0.00111891  85.7423 12.2576 14.9621 5.77179
5 0 0.00176205 -0.00176205  94.7376 11.829 13.3446 4.06924
10 0 0.00135471 -0.00135471  76.1807 15.9662 16.2131 1.81684
15 0.0170282 0.00135471 -0.00135471  76.1807 15.9662 16.2131 1.81684
20 0.00912902 0.00135471 -0.00135471  76.1807 15.9662 16.2131 1.81684
25 0.00534864 0.00135471 -0.00135471  76.1807 15.9662 16.2131 1.81684
30 0.00534864 0.00135471 -0.00135471  76.1807 15.9662 16.2131 1.81684
35 0.00410727 0.00135471 -0.00135471  76.1807 15.9662 16.2131 1.81684
40 0.00291693 0.00135471 -0.00135471  76.1807 15.9662 16.2131 1.81684
45 0.00153618 0.00120297 -0.00120297  76.1807 15.1387 15.6394 2.26732
50 0.00153618 0.00120297 -0.00120297  76.1807 15.1387 15.6394 2.26732
55 0.00144042 0.00120297 -0.00120297  76.1807 15.1387 15.6394 2.26732
60 0.00135817 0.00119681 -0.00119681  76.1807 15.9662 15.6394 1.81684
65 0.00135817 0.00119681 -0.00119681  76.1807 15.9662 15.6394 1.81684
70 0.00130907 0.00119681 -0.00119681  76.1807 15.9662 15.6394 1.81684
75 0.00130907 0.00119681 -0.00119681  76.1807 15.9662 15.6394 1.81684
80 0.0012939 0.00102579 -0.00102579  94.7376 12.6564 15.6394 2.26732
85 0.0012939 0.00102579 -0.00102579  94.7376 12.6564 15.6394 2.26732
90 0.00123086 0.00102579 -0.00102579  94.7376 12.6564 15.6394 2.26732
95 0.00114729 0.00102579 -0.00102579  94.7376 12.6564 15.6394 2.26732
100 0.00114729 0.00102579 -0.00102579  94.7376 12.6564 15.6394 2.26732
5 0 0.00272313 -0.00272313  85.3508 13.3605 19.424 2.94829
10 0 0.00132658 -0.00132658  74.5978 14.8308 15.7156 4.92877
15 0.0111254 0.000799237 -0.000799237  85.3508 2.62055 19.424 2.94829
20 0.00361451 0.000799237 -0.000799237  85.3508 2.62055 19.424 2.94829
25 0.00217962 0.000799237 -0.000799237  85.3508 2.62055 19.424 2.94829
30 0.00217962 0.000799237 -0.000799237  85.3508 2.62055 19.424 2.94829
35 0.00157153 0.000799237 -0.000799237  85.3508 2.62055 19.424 2.94829
40 0.00157153 0.000799237 -0.000799237  85.3508 2.62055 19.424 2.94829
45 0.00129033 0.000799237 -0.000799237  85.3508 2.62055 19.424 2.94829
50 0.00118075 0.000799237 -0.000799237  85.3508 2.62055 19.424 2.94829
55 0.0010598 0.000799237 -0.000799237  85.3508 2.62055 19.424 2.94829
60 0.0010598 0.000799237 -0.000799237  85.3508 2.62055 19.424 2.94829
65 0.00101024 0.000799237 -0.000799237  85.3508 2.62055 19.424 2.94829
70 0.000873098 0.000799237 -0.000799237  85.3508 2.62055 19.424 2.94829
75 0.000799237 0.000799237 -0.000799237  85.3508 2.62055 19.424 2.94829
80 0.000799237 0.000799237 -0.000799237  85.3508 2.62055 19.424 2.94829
85 0.000799237 0.000799237 -0.000799237  85.3508 2.62055 19.424 2.94829
90 0.000799237 0.000799237 -0.000799237  85.3508 2.62055 19.424 2.94829
95 0.000799237 0.000799237 -0.000799237  85.3508 2.62055 19.424 2.94829
100 0.000799237 0.000799237 -0.000799237  85.3508 2.62055 19.424 2.94829
5 0 0.00771051 -0.00771051  61.0082 12.5704 9.34258 4.52572
10 0 0.00100543 -0.00100543  88.463 13.7415 15.8984 4.463
15 0.0199569 0.00100543 -0.00100543  88.463 13.7415 15.8984 4.463
20 0.011901 0.00100543 -0.00100543  88.463 13.7415 15.8984 4.463
25 0.011901 0.00100543 -0.00100543  88.463 13.7415 15.8984 4.463
30 0.0059698 0.00100543 -0.00100543  88.463 13.7415 15.8984 4.463
35 0.00314544 0.00100543 -0.00100543  88.463 13.7415 15.8984 4.463
40 0.00314544 0.00100543 -0.00100543  88.463 13.7415 15.8984 4.463
45 0.00207917 0.00100543 -0.00100543  88.463 13.7415 15.8984 4.463
50 0.00142648 0.00100543 -0.00100543  88.463 13.7415 15.8984 4.463
55 0.00142648 0.00100543 -0.00100543  88.463 13.7415 15.8984 4.463
60 0.0012725 0.00100543 -0.00100543  88.463 13.7415 15.8984 4.463
65 0.00111068 0.00100543 -0.00100543  88.463 13.7415 15.8984 4.463
70 0.00111068 0.00100543 -0.00100543  88.463 13.7415 15.8984 4.463
75 0.00104299 0.00100543 -0.00100543  88.463 13.7415 15.8984 4.463
80 0.00104299 0.00100543 -0.00100543  88.463 13.7415 15.8984 4.463
85 0.0010284 0.00100543 -0.00100543  88.463 13.7415 15.8984 4.463
90 0.00102465 0.00100543 -0.00100543  88.463 13.7415 15.8984 4.463
95 0.00102465 0.00100543 -0.00100543  88.463 13.7415 15.8984 4.463
100 0.00101597 0.00100543 -0.00100543  88.463 13.7415 15.8984 4.463

popSize bias beta 
10 1 0.8
5 0 0.00619512 -0.00619512  50.4812 16.1417 10.4729 4.59362
10 0 0.00224263 -0.00224263  63.8368 14.4522 11.7926 0.634277
15 0.0145063 0.0014699 -0.0014699  74.2047 13.3068 13.4108 0.865247
20 0.00521299 0.0014699 -0.0014699  74.2047 13.3068 13.4108 0.865247
25 0.00189536 0.0014699 -0.0014699  74.2047 13.3068 13.4108 0.865247
30 0.00189536 0.0014699 -0.0014699  74.2047 13.3068 13.4108 0.865247
35 0.00175947 0.00121061 -0.00121061  74.2839 15.0035 14.8703 0.302472
40 0.00175947 0.00121061 -0.00121061  74.2839 15.0035 14.8703 0.302472
45 0.00158067 0.00108334 -0.00108334  80.8908 13.6597 15.3805 0.652891
50 0.00158067 0.00108334 -0.00108334  80.8908 13.6597 15.3805 0.652891
55 0.00129687 0.00108334 -0.00108334  80.8908 13.6597 15.3805 0.652891
60 0.00129687 0.00108334 -0.00108334  80.8908 13.6597 15.3805 0.652891
65 0.00117792 0.00108334 -0.00108334  80.8908 13.6597 15.3805 0.652891
70 0.00117792 0.00107209 -0.00107209  78.8199 14.0088 14.9182 0.526683
75 0.00111401 0.00107209 -0.00107209  78.8199 14.0088 14.9182 0.526683
80 0.00111401 0.00106336 -0.00106336  82.5336 13.3004 15.1846 0.698014
85 0.00108828 0.00102729 -0.00102729  86.7774 12.8713 15.4947 0.715021
90 0.00108828 0.00100369 -0.00100369  83.3706 13.3289 15.2369 0.646443
95 0.00105624 0.00100369 -0.00100369  83.3706 13.3289 15.2369 0.646443
100 0.00105624 0.000975455 -0.000975455  83.8637 13.436 15.082 0.54237
5 0 0.00109202 -0.00109202  81.5282 14.6419 14.6999 4.8211
10 0 0.00109202 -0.00109202  81.5282 14.6419 14.6999 4.8211
15 0.00857314 0.00109202 -0.00109202  81.5282 14.6419 14.6999 4.8211
20 0.00113862 0.00108153 -0.00108153  87.2105 14.136 15.6492 5.58311
25 0.00108782 0.00106231 -0.00106231  83.979 14.3696 15.2731 5.03654
30 0.00108276 0.00106231 -0.00106231  83.979 14.3696 15.2731 5.03654
35 0.0010718 0.0010368 -0.0010368  81.0112 14.6793 14.6397 4.73365
40 0.0010718 0.0010368 -0.0010368  81.0112 14.6793 14.6397 4.73365
45 0.00106004 0.0010368 -0.0010368  81.0112 14.6793 14.6397 4.73365
50 0.00105291 0.00102089 -0.00102089  86.2582 14.2809 15.308 5.5813
55 0.00104268 0.00102089 -0.00102089  86.2582 14.2809 15.308 5.5813
60 0.00104268 0.00102089 -0.00102089  86.2582 14.2809 15.308 5.5813
65 0.00104153 0.00102089 -0.00102089  86.2582 14.2809 15.308 5.5813
70 0.00104153 0.00102089 -0.00102089  86.2582 14.2809 15.308 5.5813
75 0.00103707 0.00102089 -0.00102089  86.2582 14.2809 15.308 5.5813
80 0.00103707 0.00102089 -0.00102089  86.2582 14.2809 15.308 5.5813
85 0.00103239 0.00102089 -0.00102089  86.2582 14.2809 15.308 5.5813
90 0.00103239 0.00102089 -0.00102089  86.2582 14.2809 15.308 5.5813
95 0.00102911 0.00102089 -0.00102089  86.2582 14.2809 15.308 5.5813
100 0.00102607 0.00102089 -0.00102089  86.2582 14.2809 15.308 5.5813
5 0 0.0121706 -0.0121706  80.5765 1.77547 3.45017 4.13357
10 0 0.00642804 -0.00642804  79.4016 10.7109 17.6812 5.35445
15 0.00955222 0.00642804 -0.00642804  79.4016 10.7109 17.6812 5.35445
20 0.007549 0.00408957 -0.00408957  89.5203 8.14125 11.7094 6.21198
25 0.00534165 0.00257962 -0.00257962  74.1386 11.4204 12.2464 5.88343
30 0.00510781 0.00224993 -0.00224993  58.7569 14.6995 12.7834 5.55489
35 0.00311766 0.00224993 -0.00224993  58.7569 14.6995 12.7834 5.55489
40 0.00248071 0.00224993 -0.00224993  58.7569 14.6995 12.7834 5.55489
45 0.00225891 0.00224993 -0.00224993  58.7569 14.6995 12.7834 5.55489
50 0.00224993 0.00221347 -0.00221347  61.8332 14.0437 12.676 5.6206
55 0.00224472 0.00221347 -0.00221347  61.8332 14.0437 12.676 5.6206
60 0.00224472 0.00203852 -0.00203852  63.679 13.6502 12.6115 5.66003
65 0.00222354 0.00203852 -0.00203852  63.679 13.6502 12.6115 5.66003
70 0.00220819 0.00203852 -0.00203852  63.679 13.6502 12.6115 5.66003
75 0.00220819 0.00203852 -0.00203852  63.679 13.6502 12.6115 5.66003
80 0.00215129 0.00198348 -0.00198348  65.7709 13.2042 12.5385 5.70471
85 0.00215129 0.00198348 -0.00198348  65.7709 13.2042 12.5385 5.70471
90 0.00210367 0.00198348 -0.00198348  65.7709 13.2042 12.5385 5.70471
95 0.00210367 0.00198348 -0.00198348  65.7709 13.2042 12.5385 5.70471
100 0.00207732 0.00198348 -0.00198348  65.7709 13.2042 12.5385 5.70471
5 0 0.00108981 -0.00108981  84.3649 12.6614 14.1438 1.45716
10 0 0.00108981 -0.00108981  84.3649 12.6614 14.1438 1.45716
15 0.00211172 0.00108981 -0.00108981  84.3649 12.6614 14.1438 1.45716
20 0.00145477 0.00108981 -0.00108981  84.3649 12.6614 14.1438 1.45716
25 0.00108981 0.00108981 -0.00108981  84.3649 12.6614 14.1438 1.45716
30 0.00108981 0.00108981 -0.00108981  84.3649 12.6614 14.1438 1.45716
35 0.00108981 0.00108981 -0.00108981  84.3649 12.6614 14.1438 1.45716
40 0.00108981 0.00108981 -0.00108981  84.3649 12.6614 14.1438 1.45716
45 0.00108981 0.00108981 -0.00108981  84.3649 12.6614 14.1438 1.45716
50 0.00108981 0.00108981 -0.00108981  84.3649 12.6614 14.1438 1.45716
55 0.00108981 0.00108981 -0.00108981  84.3649 12.6614 14.1438 1.45716
60 0.00108981 0.00108981 -0.00108981  84.3649 12.6614 14.1438 1.45716
65 0.00108981 0.00108981 -0.00108981  84.3649 12.6614 14.1438 1.45716
70 0.00108981 0.00108981 -0.00108981  84.3649 12.6614 14.1438 1.45716
75 0.00108981 0.00108981 -0.00108981  84.3649 12.6614 14.1438 1.45716
80 0.00108981 0.00108981 -0.00108981  84.3649 12.6614 14.1438 1.45716
85 0.00108981 0.00108981 -0.00108981  84.3649 12.6614 14.1438 1.45716
90 0.00108981 0.00108981 -0.00108981  84.3649 12.6614 14.1438 1.45716
95 0.00108981 0.00108981 -0.00108981  84.3649 12.6614 14.1438 1.45716
100 0.00108981 0.00108981 -0.00108981  84.3649 12.6614 14.1438 1.45716
5 0 0.00409751 -0.00409751  59.9517 16.0305 10.4984 5.18971
10 0 0.00409751 -0.00409751  59.9517 16.0305 10.4984 5.18971
15 0.00918021 0.00409751 -0.00409751  59.9517 16.0305 10.4984 5.18971
20 0.00467435 0.00270267 -0.00270267  73.0248 11.3924 13.458 3.84583
25 0.00384111 0.00270267 -0.00270267  73.0248 11.3924 13.458 3.84583
30 0.00333298 0.00203158 -0.00203158  62.7361 15.3821 13.9263 0.025082
35 0.00261622 0.00203158 -0.00203158  62.7361 15.3821 13.9263 0.025082
40 0.00240577 0.00203158 -0.00203158  62.7361 15.3821 13.9263 0.025082
45 0.00221348 0.0018269 -0.0018269  63.4765 15.0206 14.2097 0.443399
50 0.00221348 0.0018269 -0.0018269  63.4765 15.0206 14.2097 0.443399
55 0.00204028 0.00177129 -0.00177129  67.7547 13.6267 12.8862 1.52173
60 0.00192543 0.00177129 -0.00177129  67.7547 13.6267 12.8862 1.52173
65 0.00192543 0.0016772 -0.0016772  63.6614 15.1687 13.2653 0.0888276
70 0.00178906 0.0016772 -0.0016772  63.6614 15.1687 13.2653 0.0888276
75 0.00178906 0.0016772 -0.0016772  63.6614 15.1687 13.2653 0.0888276
80 0.00177955 0.0016772 -0.0016772  63.6614 15.1687 13.2653 0.0888276
85 0.00176868 0.0016772 -0.0016772  63.6614 15.1687 13.2653 0.0888276
90 0.00176868 0.0016772 -0.0016772  63.6614 15.1687 13.2653 0.0888276
95 0.00175139 0.0016772 -0.0016772  63.6614 15.1687 13.2653 0.0888276
100 0.00175139 0.0016772 -0.0016772  63.6614 15.1687 13.2653 0.0888276

