0.0165419
popSize  pXover  pMut  mEpsilon 
5 0.8 0.2 0.1
5 0 0.00136413 -0.00136413  83.4244 13.728 13.8462 1.85306
10 0.00131005 0.00109373 -0.00109373  87.6665 13.4554 14.8231 1.92607
15 0.00125178 0.00109373 -0.00109373  87.6665 13.4554 14.8231 1.92607
20 0.00116089 0.00109373 -0.00109373  87.6665 13.4554 14.8231 1.92607
25 0.00110063 0.00107696 -0.00107696  86.436 14.228 14.8195 2.01264
30 0.00109038 0.00107696 -0.00107696  86.436 14.228 14.8195 2.01264
35 0.00107747 0.00106941 -0.00106941  86.4674 14.0932 14.82 1.99388
40 0.00107488 0.00106941 -0.00106941  86.4674 14.0932 14.82 1.99388
45 0.00107289 0.00106484 -0.00106484  86.4377 13.7917 14.8217 2.007
50 0.00106804 0.00106484 -0.00106484  86.4377 13.7917 14.8217 2.007
55 0.00106307 0.00106263 -0.00106263  86.4422 13.8231 14.8203 2.00136
60 0.00106263 0.00106263 -0.00106263  86.4422 13.8231 14.8203 2.00136
65 0.00106263 0.00106263 -0.00106263  86.4422 13.8231 14.8203 2.00136
70 0.00106263 0.00106263 -0.00106263  86.4422 13.8231 14.8203 2.00136
75 0.00106263 0.00106263 -0.00106263  86.4422 13.8231 14.8203 2.00136
80 0.00106263 0.00106263 -0.00106263  86.4422 13.8231 14.8203 2.00136
85 0.00106263 0.00106263 -0.00106263  86.4422 13.8231 14.8203 2.00136
90 0.00106263 0.00106263 -0.00106263  86.4422 13.8231 14.8203 2.00136
95 0.00105565 0.00102773 -0.00102773  88.0783 13.827 15.4989 2.29886
100 0.00105538 0.00102773 -0.00102773  88.0783 13.827 15.4989 2.29886
5 0 0.00870423 -0.00870423  96.7437 15.012 11.5398 6.08878
10 0.0073819 0.0042466 -0.0042466  71.7725 11.863 15.3101 4.45087
15 0.00630619 0.0042466 -0.0042466  71.7725 11.863 15.3101 4.45087
20 0.00284012 0.00174601 -0.00174601  73.7236 13.6762 15.788 4.17562
25 0.00170696 0.00145685 -0.00145685  73.3663 13.8644 14.6198 4.34825
30 0.00160205 0.00123247 -0.00123247  74.5228 15.8152 14.8822 4.43443
35 0.00144044 0.00123247 -0.00123247  74.5228 15.8152 14.8822 4.43443
40 0.00138543 0.00123247 -0.00123247  74.5228 15.8152 14.8822 4.43443
45 0.00123773 0.00118887 -0.00118887  74.9238 15.8161 14.8827 4.46369
50 0.00120971 0.00118887 -0.00118887  74.9238 15.8161 14.8827 4.46369
55 0.00119185 0.00118887 -0.00118887  74.9238 15.8161 14.8827 4.46369
60 0.00118887 0.00118887 -0.00118887  74.9238 15.8161 14.8827 4.46369
65 0.00118564 0.00117272 -0.00117272  78.8006 13.9251 14.5432 4.56678
70 0.00115702 0.00112883 -0.00112883  77.9264 14.2069 14.544 4.54281
75 0.00113648 0.00111898 -0.00111898  77.8183 14.7676 14.7188 4.54956
80 0.0011211 0.00111714 -0.00111714  77.9022 14.2193 14.5678 4.55477
85 0.00111844 0.00111714 -0.00111714  77.9022 14.2193 14.5678 4.55477
90 0.0011182 0.00111073 -0.00111073  77.8993 14.2174 14.5664 4.546
95 0.00111079 0.00110854 -0.00110854  77.8972 14.2642 14.6179 4.54905
100 0.00110988 0.00110854 -0.00110854  77.8972 14.2642 14.6179 4.54905
5 0 0.00268634 -0.00268634  69.5833 14.2524 11.8514 5.7115
10 0.0114057 0.00255021 -0.00255021  76.5814 13.2979 12.1578 4.24053
15 0.00258546 0.00123284 -0.00123284  74.7828 14.8869 14.0528 4.69642
20 0.00228603 0.00123284 -0.00123284  74.7828 14.8869 14.0528 4.69642
25 0.00123284 0.00123284 -0.00123284  74.7828 14.8869 14.0528 4.69642
30 0.00122554 0.00119634 -0.00119634  73.8316 15.1864 14.209 5.07303
35 0.00119634 0.00119634 -0.00119634  73.8316 15.1864 14.209 5.07303
40 0.00119634 0.00119634 -0.00119634  73.8316 15.1864 14.209 5.07303
45 0.00119634 0.00119634 -0.00119634  73.8316 15.1864 14.209 5.07303
50 0.00119634 0.00119634 -0.00119634  73.8316 15.1864 14.209 5.07303
55 0.00119634 0.00119634 -0.00119634  73.8316 15.1864 14.209 5.07303
60 0.00119634 0.00119634 -0.00119634  73.8316 15.1864 14.209 5.07303
65 0.00119634 0.00119634 -0.00119634  73.8316 15.1864 14.209 5.07303
70 0.00119634 0.00119634 -0.00119634  73.8316 15.1864 14.209 5.07303
75 0.00119634 0.00119634 -0.00119634  73.8316 15.1864 14.209 5.07303
80 0.00119634 0.00119634 -0.00119634  73.8316 15.1864 14.209 5.07303
85 0.00119634 0.00119634 -0.00119634  73.8316 15.1864 14.209 5.07303
90 0.00119634 0.00119634 -0.00119634  73.8316 15.1864 14.209 5.07303
95 0.00119634 0.00119634 -0.00119634  73.8316 15.1864 14.209 5.07303
100 0.00119634 0.00119634 -0.00119634  73.8316 15.1864 14.209 5.07303
5 0 0.001318 -0.001318  89.1714 15.7982 16.4394 1.32559
10 0.0100692 0.001318 -0.001318  89.1714 15.7982 16.4394 1.32559
15 0.00703871 0.001318 -0.001318  89.1714 15.7982 16.4394 1.32559
20 0.00189249 0.001318 -0.001318  89.1714 15.7982 16.4394 1.32559
25 0.00129231 0.00124899 -0.00124899  82.3541 15.8177 16.278 1.39941
30 0.00125385 0.00124899 -0.00124899  82.3541 15.8177 16.278 1.39941
35 0.00120728 0.00108341 -0.00108341  84.4906 15.1914 15.3462 1.26237
40 0.00110224 0.00108341 -0.00108341  84.4906 15.1914 15.3462 1.26237
45 0.00108341 0.00108341 -0.00108341  84.4906 15.1914 15.3462 1.26237
50 0.00108341 0.00108341 -0.00108341  84.4906 15.1914 15.3462 1.26237
55 0.00108341 0.00103436 -0.00103436  83.5049 14.3929 15.8484 1.85442
60 0.00106633 0.00103436 -0.00103436  83.5049 14.3929 15.8484 1.85442
65 0.00103541 0.00102703 -0.00102703  83.5811 14.5004 15.8088 1.84958
70 0.00103075 0.00102703 -0.00102703  83.5811 14.5004 15.8088 1.84958
75 0.00102549 0.00101867 -0.00101867  83.5863 14.5008 15.8071 1.85291
80 0.00102549 0.00101867 -0.00101867  83.5863 14.5008 15.8071 1.85291
85 0.00101867 0.00101867 -0.00101867  83.5863 14.5008 15.8071 1.85291
90 0.00101867 0.00101867 -0.00101867  83.5863 14.5008 15.8071 1.85291
95 0.00101867 0.00101867 -0.00101867  83.5863 14.5008 15.8071 1.85291

popSize  pXover  pMut  mEpsilon 
10 0.5 0.1 0.1
5 0 0.0160814 -0.0160814  61.3677 8.87407 11.4008 6.25865
10 0 0.0101275 -0.0101275  81.8036 7.02339 7.5554 3.26103
15 0.0166476 0.00718221 -0.00718221  66.2957 10.4798 11.1741 4.70143
20 0.0113559 0.00695462 -0.00695462  80.6488 7.13304 10.4834 3.24014
25 0.00687065 0.00498311 -0.00498311  73.2183 10.4453 10.8785 3.84778
30 0.00615278 0.00498311 -0.00498311  73.2183 10.4453 10.8785 3.84778
35 0.00497652 0.0049173 -0.0049173  71.2064 10.4505 11.0603 3.97246
40 0.00496536 0.0049173 -0.0049173  71.2064 10.4505 11.0603 3.97246
45 0.00496536 0.00463096 -0.00463096  69.8637 12.1932 10.7397 4.35072
50 0.00467633 0.00362859 -0.00362859  71.3481 11.2083 11.8468 3.34451
55 0.00395702 0.0035511 -0.0035511  71.298 11.3481 11.8141 3.87516
60 0.00356284 0.00252169 -0.00252169  72.0185 12.653 12.0733 3.63301
65 0.00281243 0.00252169 -0.00252169  72.0185 12.653 12.0733 3.63301
70 0.00239866 0.00129137 -0.00129137  73.5398 14.3607 13.6392 3.5253
75 0.00191226 0.00129137 -0.00129137  73.5398 14.3607 13.6392 3.5253
80 0.00129137 0.00129137 -0.00129137  73.5398 14.3607 13.6392 3.5253
85 0.00126656 0.00114302 -0.00114302  76.7242 14.2139 15.3483 3.20674
90 0.00126656 0.00110388 -0.00110388  75.7287 14.2979 15.3933 3.13023
95 0.00120492 0.00110388 -0.00110388  75.7287 14.2979 15.3933 3.13023
100 0.00114118 0.00110388 -0.00110388  75.7287 14.2979 15.3933 3.13023
5 0 0.0161106 -0.0161106  79.8113 15.2754 6.25975 2.42674
10 0 0.0161106 -0.0161106  79.8113 15.2754 6.25975 2.42674
15 0.0164271 0.0140683 -0.0140683  70.3032 3.20951 5.99103 3.93946
20 0.0150561 0.0105834 -0.0105834  76.3048 9.72141 8.06652 3.12163
25 0.0133111 0.00877564 -0.00877564  76.0073 7.86105 7.80613 3.19676
30 0.0105873 0.00748686 -0.00748686  76.5239 7.21291 9.01645 4.03946
35 0.0105873 0.00748686 -0.00748686  76.5239 7.21291 9.01645 4.03946
40 0.00786717 0.00748686 -0.00748686  76.5239 7.21291 9.01645 4.03946
45 0.00748686 0.00737259 -0.00737259  78.4144 8.07855 8.38639 3.4411
50 0.00721975 0.00607987 -0.00607987  81.4827 7.31712 10.5802 4.40864
55 0.00684203 0.00607987 -0.00607987  81.4827 7.31712 10.5802 4.40864
60 0.00612236 0.00586789 -0.00586789  84.0148 8.37961 10.0856 4.49472
65 0.00597916 0.0053832 -0.0053832  81.6761 8.06136 12.1234 4.85006
70 0.0058402 0.0053832 -0.0053832  81.6761 8.06136 12.1234 4.85006
75 0.0055549 0.00527067 -0.00527067  81.5959 8.05469 10.8195 4.50477
80 0.00534624 0.0052672 -0.0052672  81.6444 7.97994 10.8903 4.5286
85 0.00526717 0.00411959 -0.00411959  80.4074 9.50574 11.7566 4.98588
90 0.00500793 0.00359582 -0.00359582  81.0308 9.45682 12.6703 4.535
95 0.00474111 0.00359582 -0.00359582  81.0308 9.45682 12.6703 4.535
100 0.00415331 0.00359582 -0.00359582  81.0308 9.45682 12.6703 4.535
5 0 0.00338347 -0.00338347  79.9075 16.9538 18.4322 3.25768
10 0 0.00276317 -0.00276317  91.8537 10.3299 17.6521 5.20767
15 0.0160156 0.00168303 -0.00168303  85.7175 14.1036 17.9262 2.45662
20 0.0049825 0.00168303 -0.00168303  85.7175 14.1036 17.9262 2.45662
25 0.00236923 0.00166239 -0.00166239  86.7987 12.9706 17.7066 2.68774
30 0.00236923 0.00161901 -0.00161901  88.8795 13.7882 17.8566 2.5346
35 0.00194514 0.00107472 -0.00107472  90.0012 13.6298 15.9552 4.27141
40 0.0016098 0.00106707 -0.00106707  86.8021 14.3745 16.1785 0.765994
45 0.00145416 0.00106707 -0.00106707  86.8021 14.3745 16.1785 0.765994
50 0.00106936 0.00100906 -0.00100906  87.8897 13.0777 15.2797 0.948068
55 0.00105631 0.00100906 -0.00100906  87.8897 13.0777 15.2797 0.948068
60 0.0010337 0.00100835 -0.00100835  87.8337 13.1237 15.5381 0.88441
65 0.001012 0.00100835 -0.00100835  87.8337 13.1237 15.5381 0.88441
70 0.00100792 0.0010069 -0.0010069  87.8761 13.0975 15.3393 0.928704
75 0.00100792 0.0010069 -0.0010069  87.8761 13.0975 15.3393 0.928704
80 0.00100705 0.0010069 -0.0010069  87.8761 13.0975 15.3393 0.928704
85 0.0010069 0.0010069 -0.0010069  87.8761 13.0975 15.3393 0.928704
90 0.0010069 0.0010069 -0.0010069  87.8761 13.0975 15.3393 0.928704
95 0.0010069 0.0010069 -0.0010069  87.8761 13.0975 15.3393 0.928704
100 0.0010069 0.0010069 -0.0010069  87.8761 13.0975 15.3393 0.928704
5 0 0.00347978 -0.00347978  68.9707 13.8341 16.65 2.90633
10 0 0.00116695 -0.00116695  94.7814 12.0579 16.4153 3.05128
15 0.0138035 0.00116695 -0.00116695  94.7814 12.0579 16.4153 3.05128
20 0.00117842 0.00108489 -0.00108489  95.5303 13.5545 15.641 2.8574
25 0.00108489 0.00108489 -0.00108489  95.5303 13.5545 15.641 2.8574
30 0.00108419 0.00106577 -0.00106577  95.4653 13.2492 15.6706 2.93418
35 0.00108019 0.00105322 -0.00105322  94.9097 13.3743 15.8726 3.1069
40 0.00104862 0.00104862 -0.00104862  94.9721 13.443 15.9017 3.08248
45 0.00104862 0.00104862 -0.00104862  94.9721 13.443 15.9017 3.08248
50 0.00104862 0.00104862 -0.00104862  94.9721 13.443 15.9017 3.08248
55 0.00104589 0.00102136 -0.00102136  93.3208 13.249 15.5115 2.81712
60 0.00102734 0.00101626 -0.00101626  94.0485 13.4001 15.5986 2.88571
65 0.00101983 0.00101626 -0.00101626  94.0485 13.4001 15.5986 2.88571
70 0.00101626 0.00101626 -0.00101626  94.0485 13.4001 15.5986 2.88571
75 0.00101626 0.00101626 -0.00101626  94.0485 13.4001 15.5986 2.88571
80 0.00101626 0.00101626 -0.00101626  94.0485 13.4001 15.5986 2.88571
85 0.00101626 0.00101626 -0.00101626  94.0485 13.4001 15.5986 2.88571
90 0.00101626 0.00101626 -0.00101626  94.0485 13.4001 15.5986 2.88571
95 0.00101626 0.00101626 -0.00101626  94.0485 13.4001 15.5986 2.88571
100 0.00101626 0.00101626 -0.00101626  94.0485 13.4001 15.5986 2.88571
5 0 0.00335266 -0.00335266  76.9221 13.4442 11.2379 5.49591
10 0 0.00335266 -0.00335266  76.9221 13.4442 11.2379 5.49591
15 0.00756402 0.00335266 -0.00335266  76.9221 13.4442 11.2379 5.49591
20 0.00434107 0.00122364 -0.00122364  75.0243 13.8236 13.3652 4.94596
25 0.00226186 0.00122364 -0.00122364  75.0243 13.8236 13.3652 4.94596
30 0.00127763 0.00122364 -0.00122364  75.0243 13.8236 13.3652 4.94596
35 0.00118772 0.00109699 -0.00109699  75.1616 14.5432 14.1176 5.47049
40 0.00111381 0.00108561 -0.00108561  75.284 14.6192 14.3176 5.48285
45 0.00109429 0.00108561 -0.00108561  75.284 14.6192 14.3176 5.48285
50 0.00109187 0.00108458 -0.00108458  75.6134 14.6395 14.1493 5.38273
55 0.00108423 0.00107774 -0.00107774  75.553 14.6327 14.2064 5.40186
60 0.00108204 0.00107418 -0.00107418  75.5752 14.6345 14.2057 5.38521
65 0.00107566 0.0010722 -0.0010722  75.5612 14.6336 14.206 5.39285
70 0.00107404 0.0010722 -0.0010722  75.5612 14.6336 14.206 5.39285
75 0.0010722 0.0010722 -0.0010722  75.5612 14.6336 14.206 5.39285
80 0.0010722 0.0010722 -0.0010722  75.5612 14.6336 14.206 5.39285
85 0.0010722 0.0010722 -0.0010722  75.5612 14.6336 14.206 5.39285
90 0.0010722 0.00106541 -0.00106541  79.3787 13.7025 14.0954 5.78729
95 0.00106609 0.00106541 -0.00106541  79.3787 13.7025 14.0954 5.78729
100 0.00106541 0.00106541 -0.00106541  79.3787 13.7025 14.0954 5.78729

popSize  pXover  pMut  mEpsilon 
10 0.8 0.1 0.1
5 0 0.00145135 -0.00145135  99.9467 15.0179 16.4379 1.07442
10 0 0.00145135 -0.00145135  99.9467 15.0179 16.4379 1.07442
15 0.0120823 0.00126408 -0.00126408  98.4825 12.8989 16.4127 1.78724
20 0.0034985 0.00126408 -0.00126408  98.4825 12.8989 16.4127 1.78724
25 0.00130495 0.00123481 -0.00123481  84.8403 14.7855 15.0679 3.35536
30 0.00125193 0.00118199 -0.00118199  93.9337 12.9389 15.7865 2.00571
35 0.00123551 0.00118199 -0.00118199  93.9337 12.9389 15.7865 2.00571
40 0.00118172 0.00117928 -0.00117928  88.6599 13.5821 15.0628 2.68779
45 0.00118048 0.00117928 -0.00117928  88.6599 13.5821 15.0628 2.68779
50 0.00117928 0.00117928 -0.00117928  88.6599 13.5821 15.0628 2.68779
55 0.00117928 0.00117928 -0.00117928  88.6599 13.5821 15.0628 2.68779
60 0.00117928 0.00117656 -0.00117656  85.1722 13.2217 14.8086 2.4739
65 0.00117901 0.00116748 -0.00116748  85.8196 13.3323 15.0609 2.59285
70 0.00117755 0.00116748 -0.00116748  85.8196 13.3323 15.0609 2.59285
75 0.00117755 0.00116277 -0.00116277  87.6847 13.4555 15.0609 2.63877
80 0.00117425 0.00116277 -0.00116277  87.6847 13.4555 15.0609 2.63877
85 0.00117007 0.00116277 -0.00116277  87.6847 13.4555 15.0609 2.63877
90 0.0011655 0.00116277 -0.00116277  87.6847 13.4555 15.0609 2.63877
95 0.00116057 0.00114259 -0.00114259  86.662 13.5019 14.9737 2.37917
100 0.00115405 0.00114108 -0.00114108  86.7491 13.5145 15.0515 2.22657
5 0 0.00570768 -0.00570768  97.0489 7.5035 15.3477 5.72486
10 0 0.00570768 -0.00570768  97.0489 7.5035 15.3477 5.72486
15 0.0150732 0.00373058 -0.00373058  56.5469 18.9477 17.3942 1.17821
20 0.00645814 0.00107025 -0.00107025  88.8244 12.5354 15.5912 5.39251
25 0.00645814 0.00107025 -0.00107025  88.8244 12.5354 15.5912 5.39251
30 0.00293553 0.00107025 -0.00107025  88.8244 12.5354 15.5912 5.39251
35 0.00203224 0.00107025 -0.00107025  88.8244 12.5354 15.5912 5.39251
40 0.00126755 0.00107025 -0.00107025  88.8244 12.5354 15.5912 5.39251
45 0.00110569 0.00106067 -0.00106067  88.8336 12.4372 15.7005 5.33783
50 0.00110569 0.00105049 -0.00105049  88.9347 12.3997 15.6137 4.82764
55 0.00106719 0.000989792 -0.000989792  88.2304 13.3302 15.5729 5.563
60 0.00104622 0.000989792 -0.000989792  88.2304 13.3302 15.5729 5.563
65 0.00102102 0.000989792 -0.000989792  88.2304 13.3302 15.5729 5.563
70 0.00102102 0.000989792 -0.000989792  88.2304 13.3302 15.5729 5.563
75 0.000996603 0.000989207 -0.000989207  88.2776 13.2608 15.5781 5.55659
80 0.000989734 0.00098833 -0.00098833  88.2608 13.2944 15.5776 5.56103
85 0.000988603 0.000987239 -0.000987239  88.2767 13.2672 15.5766 5.5571
90 0.000987313 0.000987239 -0.000987239  88.2767 13.2672 15.5766 5.5571
95 0.000987288 0.000987239 -0.000987239  88.2767 13.2672 15.5766 5.5571
5 0 0.00272992 -0.00272992  95.5891 17.379 14.1725 6.09406
10 0 0.00272992 -0.00272992  95.5891 17.379 14.1725 6.09406
15 0.0142957 0.0012302 -0.0012302  74.7891 15.5796 13.902 4.33076
20 0.00457238 0.0012302 -0.0012302  74.7891 15.5796 13.902 4.33076
25 0.00213796 0.0012302 -0.0012302  74.7891 15.5796 13.902 4.33076
30 0.00213796 0.0012302 -0.0012302  74.7891 15.5796 13.902 4.33076
35 0.00132743 0.0012302 -0.0012302  74.7891 15.5796 13.902 4.33076
40 0.0012302 0.0012302 -0.0012302  74.7891 15.5796 13.902 4.33076
45 0.0012302 0.0012302 -0.0012302  74.7891 15.5796 13.902 4.33076
50 0.0012302 0.00118387 -0.00118387  79.1194 14.4691 15.662 4.4309
55 0.00122557 0.00114941 -0.00114941  78.877 14.6668 14.3938 4.41075
60 0.00117698 0.00113746 -0.00113746  78.879 14.6002 14.6446 4.41405
65 0.00117698 0.00112336 -0.00112336  79.0265 14.4972 14.6245 4.42694
70 0.00116266 0.00112336 -0.00112336  79.0265 14.4972 14.6245 4.42694
75 0.00113782 0.00112336 -0.00112336  79.0265 14.4972 14.6245 4.42694
80 0.00113782 0.0011148 -0.0011148  79.1062 14.4941 14.862 4.42755
85 0.0011262 0.0011148 -0.0011148  79.1062 14.4941 14.862 4.42755
90 0.00112313 0.00110952 -0.00110952  79.1019 14.4814 14.8623 4.42748
95 0.00112313 0.00110952 -0.00110952  79.1019 14.4814 14.8623 4.42748
100 0.00111655 0.00110554 -0.00110554  79.1039 14.4731 14.8812 4.42755
5 0 0.00641517 -0.00641517  53.2143 19.0994 18.4117 6.2436
10 0 0.00641517 -0.00641517  53.2143 19.0994 18.4117 6.2436
15 0.0191073 0.0038813 -0.0038813  69.7599 18.8975 18.1127 3.43945
20 0.00929804 0.00192356 -0.00192356  69.8531 15.2688 16.267 3.60944
25 0.00495781 0.00192356 -0.00192356  69.8531 15.2688 16.267 3.60944
30 0.00495781 0.00192356 -0.00192356  69.8531 15.2688 16.267 3.60944
35 0.00302175 0.00192356 -0.00192356  69.8531 15.2688 16.267 3.60944
40 0.00302175 0.00192356 -0.00192356  69.8531 15.2688 16.267 3.60944
45 0.00224309 0.00179222 -0.00179222  63.8338 17.8812 15.5544 4.12731
50 0.00190061 0.00161112 -0.00161112  66.6985 17.0868 15.3363 4.14825
55 0.00175765 0.00156893 -0.00156893  65.7211 17.2888 15.3468 4.14114
60 0.00175765 0.00156893 -0.00156893  65.7211 17.2888 15.3468 4.14114
65 0.00169046 0.00156893 -0.00156893  65.7211 17.2888 15.3468 4.14114
70 0.00159982 0.00149835 -0.00149835  65.9548 17.1923 15.3807 4.14705
75 0.00159982 0.00149835 -0.00149835  65.9548 17.1923 15.3807 4.14705
80 0.00157502 0.00149835 -0.00149835  65.9548 17.1923 15.3807 4.14705
85 0.00157502 0.00149835 -0.00149835  65.9548 17.1923 15.3807 4.14705
90 0.00154031 0.00149835 -0.00149835  65.9548 17.1923 15.3807 4.14705
95 0.0015112 0.00149835 -0.00149835  65.9548 17.1923 15.3807 4.14705
100 0.0015112 0.00149835 -0.00149835  65.9548 17.1923 15.3807 4.14705
5 0 0.00292785 -0.00292785  96.8879 12.2126 12.3331 1.03252
10 0 0.00292785 -0.00292785  96.8879 12.2126 12.3331 1.03252
15 0.0197528 0.00292785 -0.00292785  96.8879 12.2126 12.3331 1.03252
20 0.0135952 0.00292785 -0.00292785  96.8879 12.2126 12.3331 1.03252
25 0.0100518 0.00292785 -0.00292785  96.8879 12.2126 12.3331 1.03252

popSize  pXover  pMut  mEpsilon 
10 0.8 0.2 0.1
5 0 0.00922056 -0.00922056  86.8964 3.15588 6.72827 5.73459
10 0 0.00479026 -0.00479026  89.5034 7.71648 11.2405 3.45858
15 0.0194099 0.00378519 -0.00378519  83.9741 11.6673 11.4373 5.71435
20 0.00983322 0.00378519 -0.00378519  83.9741 11.6673 11.4373 5.71435
25 0.00566671 0.00378519 -0.00378519  83.9741 11.6673 11.4373 5.71435
30 0.00387151 0.00242066 -0.00242066  83.4567 11.578 12.1019 5.62315
35 0.00348689 0.00206251 -0.00206251  83.2293 10.8446 12.7502 5.9346
40 0.00291989 0.00168427 -0.00168427  83.3998 13.3551 12.875 5.69989
45 0.00291989 0.00168427 -0.00168427  83.3998 13.3551 12.875 5.69989
50 0.00222171 0.00168427 -0.00168427  83.3998 13.3551 12.875 5.69989
55 0.00201839 0.00168427 -0.00168427  83.3998 13.3551 12.875 5.69989
60 0.00201839 0.00168427 -0.00168427  83.3998 13.3551 12.875 5.69989
65 0.00184364 0.00161736 -0.00161736  82.4961 12.5126 12.8438 5.71583
70 0.00169034 0.00161736 -0.00161736  82.4961 12.5126 12.8438 5.71583
75 0.00162169 0.00115648 -0.00115648  80.3979 15.2927 14.5576 5.38037
80 0.00158299 0.0011345 -0.0011345  81.2329 14.1881 13.9245 5.57932
85 0.00145149 0.00106996 -0.00106996  81.7848 12.6471 14.701 5.10618
90 0.00145149 0.000989035 -0.000989035  81.4342 13.5085 14.5881 5.31406
95 0.00120147 0.000989035 -0.000989035  81.4342 13.5085 14.5881 5.31406
100 0.00120147 0.000989035 -0.000989035  81.4342 13.5085 14.5881 5.31406
5 0 0.00988523 -0.00988523  87.552 3.31598 5.59823 3.31308
10 0 0.00988523 -0.00988523  87.552 3.31598 5.59823 3.31308
15 0.0220762 0.00988523 -0.00988523  87.552 3.31598 5.59823 3.31308
20 0.0138328 0.00988523 -0.00988523  87.552 3.31598 5.59823 3.31308
25 0.0138328 0.00987516 -0.00987516  86.9677 3.27559 5.76967 3.28881
30 0.0102293 0.00987516 -0.00987516  86.9677 3.27559 5.76967 3.28881
35 0.00991619 0.00972144 -0.00972144  87.362 3.3027 5.74685 3.29999
40 0.00983614 0.00972144 -0.00972144  87.362 3.3027 5.74685 3.29999
45 0.00983614 0.00969272 -0.00969272  87.1643 3.29999 5.76234 3.2896
50 0.00976948 0.00885103 -0.00885103  85.8309 5.09707 6.99757 3.389
55 0.00963981 0.00885103 -0.00885103  85.8309 5.09707 6.99757 3.389
60 0.00963981 0.00885103 -0.00885103  85.8309 5.09707 6.99757 3.389
65 0.00962769 0.00885103 -0.00885103  85.8309 5.09707 6.99757 3.389
70 0.00962769 0.00885103 -0.00885103  85.8309 5.09707 6.99757 3.389
75 0.00960168 0.00885103 -0.00885103  85.8309 5.09707 6.99757 3.389
80 0.00940169 0.00883022 -0.00883022  85.8631 4.00304 6.78399 3.38591
85 0.00940169 0.00883022 -0.00883022  85.8631 4.00304 6.78399 3.38591
90 0.00900619 0.00883022 -0.00883022  85.8631 4.00304 6.78399 3.38591
95 0.00887273 0.00872353 -0.00872353  85.8323 4.1125 6.88309 3.3873
100 0.00877072 0.00859745 -0.00859745  85.8553 4.05499 6.97112 3.38623
5 0 0.00187663 -0.00187663  89.3092 11.1719 16.8858 3.19214
10 0 0.00133933 -0.00133933  67.8362 15.2088 14.2795 2.42678
15 0.0137766 0.00133933 -0.00133933  67.8362 15.2088 14.2795 2.42678
20 0.00159388 0.00133933 -0.00133933  67.8362 15.2088 14.2795 2.42678
25 0.00143557 0.00133933 -0.00133933  67.8362 15.2088 14.2795 2.42678
30 0.00133933 0.00133933 -0.00133933  67.8362 15.2088 14.2795 2.42678
35 0.00133933 0.00133933 -0.00133933  67.8362 15.2088 14.2795 2.42678
40 0.00133933 0.00133933 -0.00133933  67.8362 15.2088 14.2795 2.42678
45 0.00133933 0.00133933 -0.00133933  67.8362 15.2088 14.2795 2.42678
50 0.00133933 0.00133933 -0.00133933  67.8362 15.2088 14.2795 2.42678
55 0.00133933 0.00133933 -0.00133933  67.8362 15.2088 14.2795 2.42678
60 0.00133933 0.00133933 -0.00133933  67.8362 15.2088 14.2795 2.42678
65 0.00133933 0.00133933 -0.00133933  67.8362 15.2088 14.2795 2.42678
70 0.00133933 0.00133933 -0.00133933  67.8362 15.2088 14.2795 2.42678
75 0.00133933 0.00133933 -0.00133933  67.8362 15.2088 14.2795 2.42678
80 0.00133933 0.00133933 -0.00133933  67.8362 15.2088 14.2795 2.42678
85 0.00133933 0.00127499 -0.00127499  72.6152 15.8181 14.8406 1.89261
90 0.0013329 0.00127499 -0.00127499  72.6152 15.8181 14.8406 1.89261
95 0.00133085 0.00127499 -0.00127499  72.6152 15.8181 14.8406 1.89261
100 0.00132418 0.00127499 -0.00127499  72.6152 15.8181 14.8406 1.89261
5 0 0.00155224 -0.00155224  65.7092 16.2446 13.2295 3.48153
10 0 0.00155224 -0.00155224  65.7092 16.2446 13.2295 3.48153
15 0.0196406 0.00155224 -0.00155224  65.7092 16.2446 13.2295 3.48153
20 0.00498031 0.00132431 -0.00132431  73.4589 14.6091 13.3297 4.21792
25 0.00146755 0.00132431 -0.00132431  73.4589 14.6091 13.3297 4.21792
30 0.00146755 0.00132431 -0.00132431  73.4589 14.6091 13.3297 4.21792
35 0.00133665 0.00132431 -0.00132431  73.4589 14.6091 13.3297 4.21792
40 0.00131526 0.00123383 -0.00123383  75.7019 14.0141 13.5453 4.34444
45 0.0012987 0.00123383 -0.00123383  75.7019 14.0141 13.5453 4.34444
50 0.0012987 0.00123383 -0.00123383  75.7019 14.0141 13.5453 4.34444
55 0.00128414 0.00123383 -0.00123383  75.7019 14.0141 13.5453 4.34444
60 0.00128414 0.00122492 -0.00122492  75.7005 14.017 13.5305 4.33916
65 0.00124126 0.00122492 -0.00122492  75.7005 14.017 13.5305 4.33916
70 0.00123385 0.00122492 -0.00122492  75.7005 14.017 13.5305 4.33916
75 0.00122835 0.00121378 -0.00121378  75.5415 14.086 13.5428 4.33831
80 0.00122835 0.00121378 -0.00121378  75.5415 14.086 13.5428 4.33831
85 0.00122341 0.00121378 -0.00121378  75.5415 14.086 13.5428 4.33831
90 0.00122077 0.00121378 -0.00121378  75.5415 14.086 13.5428 4.33831
95 0.00122077 0.00121378 -0.00121378  75.5415 14.086 13.5428 4.33831
100 0.00121619 0.00114219 -0.00114219  78.4116 13.8042 14.775 4.06814
5 0 0.00615814 -0.00615814  88.2424 19.6775 17.6704 5.7451
10 0 0.00615814 -0.00615814  88.2424 19.6775 17.6704 5.7451
15 0.0158921 0.00210148 -0.00210148  78.1279 15.8687 17.1741 5.30133
20 0.0070195 0.00184123 -0.00184123  75.7293 17.7439 15.8302 5.8713
25 0.00328335 0.00117018 -0.00117018  78.091 14.5008 14.5716 4.85473
30 0.00328335 0.00113775 -0.00113775  77.9982 14.6302 14.6844 4.88808
35 0.00173255 0.00113775 -0.00113775  77.9982 14.6302 14.6844 4.88808
40 0.00125696 0.00113775 -0.00113775  77.9982 14.6302 14.6844 4.88808
45 0.00125696 0.00113775 -0.00113775  77.9982 14.6302 14.6844 4.88808
50 0.00116925 0.00113775 -0.00113775  77.9982 14.6302 14.6844 4.88808
55 0.00113775 0.00113775 -0.00113775  77.9982 14.6302 14.6844 4.88808
60 0.00113775 0.00113775 -0.00113775  77.9982 14.6302 14.6844 4.88808
65 0.0011365 0.00112523 -0.00112523  79.4413 13.4972 14.0992 5.42749
70 0.0011365 0.00112523 -0.00112523  79.4413 13.4972 14.0992 5.42749
75 0.00113595 0.00112289 -0.00112289  78.846 14.1665 14.627 4.89862
80 0.00113447 0.00112289 -0.00112289  78.846 14.1665 14.627 4.89862
85 0.00113212 0.00112289 -0.00112289  78.846 14.1665 14.627 4.89862
90 0.00112777 0.00112289 -0.00112289  78.846 14.1665 14.627 4.89862
95 0.00112777 0.00112289 -0.00112289  78.846 14.1665 14.627 4.89862
100 0.00112418 0.00112289 -0.00112289  78.846 14.1665 14.627 4.89862

popSize  pXover  pMut  mEpsilon 
10 1 0.1 0.1
5 0 0.0153804 -0.0153804  59.0153 7.63778 5.55258 4.63817
10 0 0.00480952 -0.00480952  87.9077 19.7036 16.2694 2.36739
15 0.0172382 0.00480952 -0.00480952  87.9077 19.7036 16.2694 2.36739
20 0.0121308 0.00112393 -0.00112393  93.2686 14.2089 15.5988 4.45129
25 0.00613663 0.00106907 -0.00106907  90.695 13.1916 14.4854 5.40298
30 0.00613663 0.00106907 -0.00106907  90.695 13.1916 14.4854 5.40298
35 0.00159423 0.00106907 -0.00106907  90.695 13.1916 14.4854 5.40298
40 0.00110455 0.00106395 -0.00106395  93.2448 13.1003 15.5638 4.43934
45 0.00110455 0.00105583 -0.00105583  92.4285 13.124 15.1071 4.7878
50 0.00107232 0.00104439 -0.00104439  92.6826 13.1096 15.2768 4.71953
55 0.0010588 0.00104439 -0.00104439  92.6826 13.1096 15.2768 4.71953
60 0.00105308 0.00103936 -0.00103936  92.5431 13.1161 15.1926 4.73372
65 0.00105308 0.00103936 -0.00103936  92.5431 13.1161 15.1926 4.73372
70 0.00104686 0.00103936 -0.00103936  92.5431 13.1161 15.1926 4.73372
75 0.0010408 0.00103936 -0.00103936  92.5431 13.1161 15.1926 4.73372
80 0.0010408 0.00103936 -0.00103936  92.5431 13.1161 15.1926 4.73372
85 0.00104015 0.00103936 -0.00103936  92.5431 13.1161 15.1926 4.73372
90 0.00103936 0.00103936 -0.00103936  92.5431 13.1161 15.1926 4.73372
95 0.00103936 0.00103936 -0.00103936  92.5431 13.1161 15.1926 4.73372
100 0.00103936 0.00103936 -0.00103936  92.5431 13.1161 15.1926 4.73372
5 0 0.00400084 -0.00400084  97.371 16.2306 18.4094 5.08046
10 0 0.00400084 -0.00400084  97.371 16.2306 18.4094 5.08046
15 0.0217558 0.00400084 -0.00400084  97.371 16.2306 18.4094 5.08046
20 0.0217558 0.00400084 -0.00400084  97.371 16.2306 18.4094 5.08046
25 0.0135212 0.00184238 -0.00184238  83.6107 10.8219 15.1718 2.80788
30 0.0135212 0.00165788 -0.00165788  79.995 12.2688 15.4392 3.13392
35 0.00613582 0.00137188 -0.00137188  75.9503 16.5133 15.6579 4.43334
40 0.00171923 0.00129537 -0.00129537  93.2112 12.4803 16.7673 4.07003
45 0.00171923 0.00129537 -0.00129537  93.2112 12.4803 16.7673 4.07003
50 0.00138784 0.00114202 -0.00114202  91.9168 12.817 16.1146 3.99277
55 0.00127445 0.00114202 -0.00114202  91.9168 12.817 16.1146 3.99277
60 0.00127445 0.00114202 -0.00114202  91.9168 12.817 16.1146 3.99277
65 0.00118818 0.00114202 -0.00114202  91.9168 12.817 16.1146 3.99277
70 0.00118818 0.00114202 -0.00114202  91.9168 12.817 16.1146 3.99277
75 0.00115622 0.00114202 -0.00114202  91.9168 12.817 16.1146 3.99277
80 0.00115622 0.00113381 -0.00113381  91.5957 12.9234 16.1047 3.90302
85 0.00113854 0.00113229 -0.00113229  91.7333 12.8373 16.1478 4.05545
90 0.00113854 0.00113229 -0.00113229  91.7333 12.8373 16.1478 4.05545
95 0.00113398 0.00107255 -0.00107255  87.6909 13.2335 15.4865 4.63911
100 0.00112089 0.00107255 -0.00107255  87.6909 13.2335 15.4865 4.63911
5 0 0.00725413 -0.00725413  66.3426 17.1849 19.9145 1.55736
10 0 0.00283284 -0.00283284  79.6382 14.591 19.1612 3.13118
15 0.013051 0.0022664 -0.0022664  89.7823 9.62204 15.5726 2.08447
20 0.00652677 0.0022664 -0.0022664  89.7823 9.62204 15.5726 2.08447
25 0.00652677 0.00206905 -0.00206905  83.6423 11.4434 16.7558 2.48388
30 0.00321796 0.00184826 -0.00184826  83.3148 12.5912 17.4149 2.96549
35 0.00321796 0.00148361 -0.00148361  88.6294 11.2483 15.8102 2.47737
40 0.00210619 0.00148361 -0.00148361  88.6294 11.2483 15.8102 2.47737
45 0.00176084 0.00127637 -0.00127637  81.8029 13.0204 16.4029 2.57323
50 0.00176084 0.00127637 -0.00127637  81.8029 13.0204 16.4029 2.57323
55 0.00141448 0.00118947 -0.00118947  84.3732 12.5082 15.4642 2.31858
60 0.00141448 0.00118947 -0.00118947  84.3732 12.5082 15.4642 2.31858
65 0.00125607 0.00113908 -0.00113908  83.581 12.8121 15.9278 2.33989
70 0.00125607 0.00113173 -0.00113173  87.3898 13.3775 16.5103 2.61564
75 0.00121862 0.00113173 -0.00113173  87.3898 13.3775 16.5103 2.61564
80 0.00121862 0.00112747 -0.00112747  86.6981 13.3876 16.3755 2.57705
85 0.00113192 0.00103309 -0.00103309  85.4494 13.2284 15.8622 1.93849
90 0.00113192 0.00103309 -0.00103309  85.4494 13.2284 15.8622 1.93849
95 0.00108308 0.00103309 -0.00103309  85.4494 13.2284 15.8622 1.93849
100 0.00108308 0.00103309 -0.00103309  85.4494 13.2284 15.8622 1.93849
5 0 0.00218517 -0.00218517  61.9975 17.916 13.1126 1.38051
10 0 0.00218517 -0.00218517  61.9975 17.916 13.1126 1.38051
15 0.0139715 0.00218517 -0.00218517  61.9975 17.916 13.1126 1.38051
20 0.0139715 0.00173806 -0.00173806  62.7617 18.2453 13.8656 1.47901
25 0.00323189 0.00173806 -0.00173806  62.7617 18.2453 13.8656 1.47901
30 0.00323189 0.00173806 -0.00173806  62.7617 18.2453 13.8656 1.47901
35 0.00240392 0.00161358 -0.00161358  57.9155 16.9176 13.0699 0.685162
40 0.00240392 0.00161358 -0.00161358  57.9155 16.9176 13.0699 0.685162
45 0.00190709 0.00161358 -0.00161358  57.9155 16.9176 13.0699 0.685162
50 0.00170883 0.00161358 -0.00161358  57.9155 16.9176 13.0699 0.685162
55 0.00170883 0.00160852 -0.00160852  57.8656 17.496 13.143 1.02322
60 0.00162034 0.00159119 -0.00159119  57.8491 17.5457 13.1376 0.705705
65 0.00162034 0.00158901 -0.00158901  57.6331 16.901 13.0702 0.6126
70 0.00159844 0.00158901 -0.00158901  57.6331 16.901 13.0702 0.6126
75 0.00159844 0.00158616 -0.00158616  57.8086 17.018 13.1337 0.76482
80 0.0015929 0.00158616 -0.00158616  57.8086 17.018 13.1337 0.76482
85 0.00158715 0.00158261 -0.00158261  57.8169 17.135 13.1351 0.774852
90 0.00158715 0.00158261 -0.00158261  57.8169 17.135 13.1351 0.774852
95 0.00158546 0.00158261 -0.00158261  57.8169 17.135 13.1351 0.774852
100 0.00158352 0.00158239 -0.00158239  57.8345 17.1426 13.1355 0.775152
5 0 0.00165361 -0.00165361  83.1654 16.9805 15.7276 0.916827
10 0 0.00165361 -0.00165361  83.1654 16.9805 15.7276 0.916827
15 0.0183482 0.00145543 -0.00145543  82.5275 16.6634 15.4752 1.33446
20 0.00650233 0.00136085 -0.00136085  85.0939 15.7165 14.5379 2.14225
25 0.00260015 0.00136085 -0.00136085  85.0939 15.7165 14.5379 2.14225
30 0.00146069 0.00133861 -0.00133861  82.8395 16.0287 14.7463 1.76038
35 0.00146069 0.00133861 -0.00133861  82.8395 16.0287 14.7463 1.76038
40 0.00139447 0.00133861 -0.00133861  82.8395 16.0287 14.7463 1.76038
45 0.00139447 0.00110834 -0.00110834  79.4028 14.9004 14.5448 0.874803
50 0.00133435 0.00108432 -0.00108432  82.1753 14.9019 14.6421 1.61464
55 0.00120018 0.00108432 -0.00108432  82.1753 14.9019 14.6421 1.61464
60 0.00120018 0.00108432 -0.00108432  82.1753 14.9019 14.6421 1.61464
65 0.00113421 0.00108432 -0.00108432  82.1753 14.9019 14.6421 1.61464
70 0.00113421 0.00108432 -0.00108432  82.1753 14.9019 14.6421 1.61464
75 0.0011084 0.00108432 -0.00108432  82.1753 14.9019 14.6421 1.61464
80 0.0011084 0.00108432 -0.00108432  82.1753 14.9019 14.6421 1.61464
85 0.00109663 0.00107953 -0.00107953  81.4777 14.9233 14.8389 1.6112
90 0.00109663 0.00107953 -0.00107953  81.4777 14.9233 14.8389 1.6112
95 0.00108994 0.00107953 -0.00107953  81.4777 14.9233 14.8389 1.6112
100 0.00108994 0.00106824 -0.00106824  82.1316 14.9051 14.6407 1.56694


popSize nClones suppressionThreshold newPopPercentage errorThreshold 
6 3 0.4 0.4 0.1
5 0 0.00211345 -0.00211345  69.6195 15.7715 16.629 0.478582
10 0.0160968 0.00211345 -0.00211345  69.6195 15.7715 16.629 0.478582
15 0.0160968 0.00211345 -0.00211345  69.6195 15.7715 16.629 0.478582
20 0.0160968 0.00187259 -0.00187259  69.9615 15.7243 16.494 0.424998
25 0.0106165 0.00187259 -0.00187259  69.9615 15.7243 16.494 0.424998
30 0.0106165 0.00187259 -0.00187259  69.9615 15.7243 16.494 0.424998
35 0.0106165 0.00187259 -0.00187259  69.9615 15.7243 16.494 0.424998
40 0.0106165 0.00187259 -0.00187259  69.9615 15.7243 16.494 0.424998
45 0.0118796 0.00187259 -0.00187259  69.9615 15.7243 16.494 0.424998
50 0.0118796 0.00187259 -0.00187259  69.9615 15.7243 16.494 0.424998
55 0.0118796 0.00187259 -0.00187259  69.9615 15.7243 16.494 0.424998
60 0.0118796 0.00187259 -0.00187259  69.9615 15.7243 16.494 0.424998
65 0.0118796 0.00187259 -0.00187259  69.9615 15.7243 16.494 0.424998
70 0.0125059 0.00187259 -0.00187259  69.9615 15.7243 16.494 0.424998
75 0.0125059 0.00187259 -0.00187259  69.9615 15.7243 16.494 0.424998
80 0.0125059 0.00187259 -0.00187259  69.9615 15.7243 16.494 0.424998
85 0.0125059 0.00187259 -0.00187259  69.9615 15.7243 16.494 0.424998
90 0.0125059 0.00187259 -0.00187259  69.9615 15.7243 16.494 0.424998
95 0.0125059 0.00187259 -0.00187259  69.9615 15.7243 16.494 0.424998
100 0.0125059 0.00187259 -0.00187259  69.9615 15.7243 16.494 0.424998
5 0 0.00425922 -0.00425922  75.9671 11.9217 17.807 3.2069
10 0.0177612 0.00425922 -0.00425922  75.9671 11.9217 17.807 3.2069
15 0.0177612 0.00425922 -0.00425922  75.9671 11.9217 17.807 3.2069
20 0.0177612 0.00425922 -0.00425922  75.9671 11.9217 17.807 3.2069
25 0.0177612 0.00355005 -0.00355005  85.8786 14.9328 12.2529 1.89763
30 0.0131602 0.00355005 -0.00355005  85.8786 14.9328 12.2529 1.89763
35 0.0131602 0.00355005 -0.00355005  85.8786 14.9328 12.2529 1.89763
40 0.0131602 0.00355005 -0.00355005  85.8786 14.9328 12.2529 1.89763
45 0.0131602 0.00299861 -0.00299861  85.7667 14.9396 12.5427 1.90632
50 0.0131602 0.00299861 -0.00299861  85.7667 14.9396 12.5427 1.90632
55 0.0143395 0.00219428 -0.00219428  86.0359 15.2272 12.8989 1.81818
60 0.0143395 0.00219428 -0.00219428  86.0359 15.2272 12.8989 1.81818
65 0.0143395 0.00219428 -0.00219428  86.0359 15.2272 12.8989 1.81818
70 0.0143395 0.00219428 -0.00219428  86.0359 15.2272 12.8989 1.81818
75 0.0143395 0.00219428 -0.00219428  86.0359 15.2272 12.8989 1.81818
80 0.0143395 0.00219428 -0.00219428  86.0359 15.2272 12.8989 1.81818
85 0.0118005 0.0021744 -0.0021744  65.5452 16.2222 16.6922 1.66516
90 0.0118005 0.00217118 -0.00217118  85.6294 15.2442 13.1374 1.72531
95 0.0118005 0.00217118 -0.00217118  85.6294 15.2442 13.1374 1.72531
100 0.0118005 0.00217118 -0.00217118  85.6294 15.2442 13.1374 1.72531
5 0 0.0035917 -0.0035917  89.2386 12.414 19.5743 4.90881
10 0.00685097 0.00292425 -0.00292425  82.2346 18.3838 13.9391 2.03642
15 0.00685097 0.00292425 -0.00292425  82.2346 18.3838 13.9391 2.03642
20 0.00685097 0.00292425 -0.00292425  82.2346 18.3838 13.9391 2.03642
25 0.00685097 0.00287966 -0.00287966  82.0461 18.2265 13.8858 2.0081
30 0.00956107 0.00275226 -0.00275226  81.7827 18.0917 14.1222 2.11592
35 0.00956107 0.0026205 -0.0026205  71.677 11.6915 13.7152 0.888788
40 0.00956107 0.0026205 -0.0026205  71.677 11.6915 13.7152 0.888788
45 0.00956107 0.0026205 -0.0026205  71.677 11.6915 13.7152 0.888788
50 0.00956107 0.0026205 -0.0026205  71.677 11.6915 13.7152 0.888788
55 0.0103241 0.00232147 -0.00232147  81.619 17.9622 14.6212 2.06977
60 0.0103241 0.00232147 -0.00232147  81.619 17.9622 14.6212 2.06977
65 0.0103241 0.00232147 -0.00232147  81.619 17.9622 14.6212 2.06977
70 0.0103241 0.00232147 -0.00232147  81.619 17.9622 14.6212 2.06977
75 0.0103241 0.00232147 -0.00232147  81.619 17.9622 14.6212 2.06977
80 0.0103241 0.00232147 -0.00232147  81.619 17.9622 14.6212 2.06977
85 0.00930317 0.00222109 -0.00222109  82.0712 18.015 14.6536 2.09166
90 0.00930317 0.00222109 -0.00222109  82.0712 18.015 14.6536 2.09166
95 0.00930317 0.00222109 -0.00222109  82.0712 18.015 14.6536 2.09166
100 0.00930317 0.00222109 -0.00222109  82.0712 18.015 14.6536 2.09166
5 0 0.00105696 -0.00105696  76.9662 14.9725 14.7375 0.440135
10 0.0155198 0.00105696 -0.00105696  76.9662 14.9725 14.7375 0.440135
15 0.0155198 0.00105696 -0.00105696  76.9662 14.9725 14.7375 0.440135
20 0.0155198 0.00105696 -0.00105696  76.9662 14.9725 14.7375 0.440135
25 0.0155198 0.00105696 -0.00105696  76.9662 14.9725 14.7375 0.440135
30 0.0125883 0.00105696 -0.00105696  76.9662 14.9725 14.7375 0.440135
35 0.0125883 0.00105696 -0.00105696  76.9662 14.9725 14.7375 0.440135
40 0.0125883 0.00105696 -0.00105696  76.9662 14.9725 14.7375 0.440135
45 0.0125883 0.00105696 -0.00105696  76.9662 14.9725 14.7375 0.440135
50 0.0105102 0.00105696 -0.00105696  76.9662 14.9725 14.7375 0.440135
55 0.0105102 0.00105696 -0.00105696  76.9662 14.9725 14.7375 0.440135
60 0.0105102 0.00105696 -0.00105696  76.9662 14.9725 14.7375 0.440135
65 0.0105102 0.00105696 -0.00105696  76.9662 14.9725 14.7375 0.440135
70 0.0105102 0.00105696 -0.00105696  76.9662 14.9725 14.7375 0.440135
75 0.0104875 0.00105696 -0.00105696  76.9662 14.9725 14.7375 0.440135
80 0.0104875 0.00105696 -0.00105696  76.9662 14.9725 14.7375 0.440135
85 0.0104875 0.00105696 -0.00105696  76.9662 14.9725 14.7375 0.440135
90 0.0104875 0.00105696 -0.00105696  76.9662 14.9725 14.7375 0.440135
95 0.00898449 0.00105696 -0.00105696  76.9662 14.9725 14.7375 0.440135
100 0.00898449 0.00105696 -0.00105696  76.9662 14.9725 14.7375 0.440135
5 0 0.00164928 -0.00164928  85.9442 15.926 14.2987 5.41302
10 0.0136709 0.00164928 -0.00164928  85.9442 15.926 14.2987 5.41302
15 0.0136709 0.00164928 -0.00164928  85.9442 15.926 14.2987 5.41302
20 0.0136709 0.00145557 -0.00145557  86.1489 15.5715 14.1124 5.3427
25 0.0136709 0.00145557 -0.00145557  86.1489 15.5715 14.1124 5.3427
30 0.0148043 0.00135461 -0.00135461  86.0034 15.3529 14.191 5.28861
35 0.0148043 0.00135461 -0.00135461  86.0034 15.3529 14.191 5.28861
40 0.0148043 0.00135461 -0.00135461  86.0034 15.3529 14.191 5.28861
45 0.0148043 0.00135461 -0.00135461  86.0034 15.3529 14.191 5.28861
50 0.0148043 0.00135461 -0.00135461  86.0034 15.3529 14.191 5.28861
55 0.0148043 0.00135461 -0.00135461  86.0034 15.3529 14.191 5.28861
60 0.0148786 0.00135461 -0.00135461  86.0034 15.3529 14.191 5.28861
65 0.0148786 0.00135461 -0.00135461  86.0034 15.3529 14.191 5.28861
70 0.0148786 0.00135461 -0.00135461  86.0034 15.3529 14.191 5.28861
75 0.0148786 0.00135461 -0.00135461  86.0034 15.3529 14.191 5.28861
80 0.0148786 0.00135461 -0.00135461  86.0034 15.3529 14.191 5.28861
85 0.0148786 0.00135461 -0.00135461  86.0034 15.3529 14.191 5.28861
90 0.0119965 0.00132099 -0.00132099  85.7563 14.6264 14.1767 5.31998
95 0.0119965 0.00132099 -0.00132099  85.7563 14.6264 14.1767 5.31998
100 0.0119965 0.00132099 -0.00132099  85.7563 14.6264 14.1767 5.31998

popSize nClones suppressionThreshold newPopPercentage errorThreshold 
6 4 0.4 0.4 0.1
5 0 0.00822769 -0.00822769  86.1663 17.9255 11.7432 3.88635
10 0.0196271 0.00822769 -0.00822769  86.1663 17.9255 11.7432 3.88635
15 0.0196271 0.00822769 -0.00822769  86.1663 17.9255 11.7432 3.88635
20 0.0196271 0.00760489 -0.00760489  86.4001 18.0382 11.9583 3.86103
25 0.0196271 0.00760489 -0.00760489  86.4001 18.0382 11.9583 3.86103
30 0.0196271 0.00760489 -0.00760489  86.4001 18.0382 11.9583 3.86103
35 0.0124916 0.00182862 -0.00182862  99.1964 10.3369 16.988 0.0439528
40 0.0124916 0.00182862 -0.00182862  99.1964 10.3369 16.988 0.0439528
45 0.0124916 0.00182862 -0.00182862  99.1964 10.3369 16.988 0.0439528
50 0.0124916 0.00182862 -0.00182862  99.1964 10.3369 16.988 0.0439528
55 0.0124916 0.00182862 -0.00182862  99.1964 10.3369 16.988 0.0439528
60 0.0124916 0.00163242 -0.00163242  99.1061 10.5376 16.6451 0.144246
65 0.0129072 0.00150821 -0.00150821  99.3905 10.6578 16.5751 0.156694
70 0.0129072 0.00149725 -0.00149725  99.7721 10.4702 16.4533 0.238245
75 0.0129072 0.00149725 -0.00149725  99.7721 10.4702 16.4533 0.238245
80 0.0129072 0.00149725 -0.00149725  99.7721 10.4702 16.4533 0.238245
85 0.0129072 0.00149725 -0.00149725  99.7721 10.4702 16.4533 0.238245
90 0.0129072 0.00149725 -0.00149725  99.7721 10.4702 16.4533 0.238245
95 0.0129072 0.00149725 -0.00149725  99.7721 10.4702 16.4533 0.238245
100 0.0112935 0.00149725 -0.00149725  99.7721 10.4702 16.4533 0.238245
5 0 0.00525021 -0.00525021  61.217 12.4715 11.6634 5.40817
10 0.019606 0.00525021 -0.00525021  61.217 12.4715 11.6634 5.40817
15 0.019606 0.00455689 -0.00455689  61.3957 12.6831 11.5638 5.48205
20 0.019606 0.00455689 -0.00455689  61.3957 12.6831 11.5638 5.48205
25 0.019606 0.00455689 -0.00455689  61.3957 12.6831 11.5638 5.48205
30 0.019606 0.00455689 -0.00455689  61.3957 12.6831 11.5638 5.48205
35 0.0171215 0.00444798 -0.00444798  61.9259 12.5179 11.4724 5.4747
40 0.0171215 0.00444798 -0.00444798  61.9259 12.5179 11.4724 5.4747
45 0.0171215 0.00444798 -0.00444798  61.9259 12.5179 11.4724 5.4747
50 0.0171215 0.00444798 -0.00444798  61.9259 12.5179 11.4724 5.4747
55 0.0139542 0.00444798 -0.00444798  61.9259 12.5179 11.4724 5.4747
60 0.0139542 0.00124634 -0.00124634  91.5264 13.3008 1.34771 0.634609
65 0.0139542 0.00124634 -0.00124634  91.5264 13.3008 1.34771 0.634609
70 0.0139542 0.00124634 -0.00124634  91.5264 13.3008 1.34771 0.634609
75 0.0139542 0.00124634 -0.00124634  91.5264 13.3008 1.34771 0.634609
80 0.0109649 0.00124634 -0.00124634  91.5264 13.3008 1.34771 0.634609
85 0.0109649 0.00124634 -0.00124634  91.5264 13.3008 1.34771 0.634609
90 0.0109649 0.00124634 -0.00124634  91.5264 13.3008 1.34771 0.634609
95 0.0109649 0.00124634 -0.00124634  91.5264 13.3008 1.34771 0.634609
100 0.0109649 0.00124634 -0.00124634  91.5264 13.3008 1.34771 0.634609
5 0 0.0023718 -0.0023718  96.2663 9.93151 13.476 4.36262
10 0.0121017 0.0023718 -0.0023718  96.2663 9.93151 13.476 4.36262
15 0.0121017 0.0023718 -0.0023718  96.2663 9.93151 13.476 4.36262
20 0.0121017 0.0023718 -0.0023718  96.2663 9.93151 13.476 4.36262
25 0.0121017 0.00218486 -0.00218486  96.6673 10.0655 13.558 4.27921
30 0.0121017 0.00189173 -0.00189173  93.5005 10.4976 16.7261 4.40836
35 0.0194145 0.00189173 -0.00189173  93.5005 10.4976 16.7261 4.40836
40 0.0194145 0.00189173 -0.00189173  93.5005 10.4976 16.7261 4.40836
45 0.0194145 0.00189173 -0.00189173  93.5005 10.4976 16.7261 4.40836
50 0.0194145 0.00189173 -0.00189173  93.5005 10.4976 16.7261 4.40836
55 0.0194145 0.00189173 -0.00189173  93.5005 10.4976 16.7261 4.40836
60 0.0144902 0.00176848 -0.00176848  93.287 10.7447 16.6371 4.40154
65 0.0144902 0.00176848 -0.00176848  93.287 10.7447 16.6371 4.40154
70 0.0144902 0.00176848 -0.00176848  93.287 10.7447 16.6371 4.40154
75 0.0144902 0.00176848 -0.00176848  93.287 10.7447 16.6371 4.40154
80 0.0144902 0.00176848 -0.00176848  93.287 10.7447 16.6371 4.40154
85 0.00890394 0.00171348 -0.00171348  66.4016 17.4806 13.2065 1.16388
90 0.00890394 0.00171348 -0.00171348  66.4016 17.4806 13.2065 1.16388
95 0.00890394 0.00171348 -0.00171348  66.4016 17.4806 13.2065 1.16388
100 0.00890394 0.00171348 -0.00171348  66.4016 17.4806 13.2065 1.16388
5 0 0.00117334 -0.00117334  96.6215 14.0099 16.1412 0.0661134
10 0.0198255 0.00117334 -0.00117334  96.6215 14.0099 16.1412 0.0661134
15 0.0198255 0.00117334 -0.00117334  96.6215 14.0099 16.1412 0.0661134
20 0.0198255 0.00113607 -0.00113607  96.6392 13.8988 16.0979 0.0315086
25 0.0198255 0.00113607 -0.00113607  96.6392 13.8988 16.0979 0.0315086
30 0.0198255 0.00113607 -0.00113607  96.6392 13.8988 16.0979 0.0315086
35 0.0211006 0.00112973 -0.00112973  96.6673 13.7784 15.848 0.105144
40 0.0211006 0.00112973 -0.00112973  96.6673 13.7784 15.848 0.105144
45 0.0211006 0.00112973 -0.00112973  96.6673 13.7784 15.848 0.105144
50 0.0211006 0.00112973 -0.00112973  96.6673 13.7784 15.848 0.105144
55 0.0211006 0.00112973 -0.00112973  96.6673 13.7784 15.848 0.105144
60 0.0211006 0.00112973 -0.00112973  96.6673 13.7784 15.848 0.105144
65 0.0164419 0.00108795 -0.00108795  95.966 13.3173 15.915 0.233345
70 0.0164419 0.00108795 -0.00108795  95.966 13.3173 15.915 0.233345
75 0.0164419 0.00108795 -0.00108795  95.966 13.3173 15.915 0.233345
80 0.0164419 0.00108795 -0.00108795  95.966 13.3173 15.915 0.233345
85 0.0164419 0.000751696 -0.000751696  50.9544 0.525971 9.52605 3.42169
90 0.0164419 0.000751696 -0.000751696  50.9544 0.525971 9.52605 3.42169
95 0.0187505 0.000751696 -0.000751696  50.9544 0.525971 9.52605 3.42169
100 0.0187505 0.000751696 -0.000751696  50.9544 0.525971 9.52605 3.42169
5 0 0.00261892 -0.00261892  92.1537 15.2091 18.7145 5.27514
10 0.0200301 0.00261892 -0.00261892  92.1537 15.2091 18.7145 5.27514
15 0.0200301 0.00261892 -0.00261892  92.1537 15.2091 18.7145 5.27514
20 0.0200301 0.00234076 -0.00234076  92.5873 15.1678 18.3137 5.28894
25 0.0200301 0.00234076 -0.00234076  92.5873 15.1678 18.3137 5.28894
30 0.0200301 0.00234076 -0.00234076  92.5873 15.1678 18.3137 5.28894
35 0.0167885 0.00234076 -0.00234076  92.5873 15.1678 18.3137 5.28894
40 0.0167885 0.00234076 -0.00234076  92.5873 15.1678 18.3137 5.28894
45 0.0167885 0.00234076 -0.00234076  92.5873 15.1678 18.3137 5.28894
50 0.0167885 0.00234076 -0.00234076  92.5873 15.1678 18.3137 5.28894
55 0.0167885 0.00234076 -0.00234076  92.5873 15.1678 18.3137 5.28894
60 0.012839 0.00234076 -0.00234076  92.5873 15.1678 18.3137 5.28894
65 0.012839 0.00234076 -0.00234076  92.5873 15.1678 18.3137 5.28894
70 0.012839 0.00234076 -0.00234076  92.5873 15.1678 18.3137 5.28894
75 0.012839 0.00234076 -0.00234076  92.5873 15.1678 18.3137 5.28894
80 0.012839 0.00234076 -0.00234076  92.5873 15.1678 18.3137 5.28894
85 0.012839 0.00234076 -0.00234076  92.5873 15.1678 18.3137 5.28894
90 0.0120395 0.00219801 -0.00219801  92.6865 15.1066 18.2346 5.31502
95 0.0120395 0.00219801 -0.00219801  92.6865 15.1066 18.2346 5.31502
100 0.0120395 0.00219801 -0.00219801  92.6865 15.1066 18.2346 5.31502

popSize nClones suppressionThreshold newPopPercentage errorThreshold 
6 3 0.5 0.5 0.1
5 0 0.00763105 -0.00763105  95.9149 5.09502 8.39718 2.89595
10 0.0194666 0.00763105 -0.00763105  95.9149 5.09502 8.39718 2.89595
15 0.0194666 0.00763105 -0.00763105  95.9149 5.09502 8.39718 2.89595
20 0.0194666 0.00745077 -0.00745077  95.8485 5.06733 8.45602 2.72183
25 0.0194666 0.00745077 -0.00745077  95.8485 5.06733 8.45602 2.72183
30 0.0193853 0.00411351 -0.00411351  88.2597 9.5138 16.1359 0.0691108
35 0.0193853 0.00411351 -0.00411351  88.2597 9.5138 16.1359 0.0691108
40 0.0193853 0.00411351 -0.00411351  88.2597 9.5138 16.1359 0.0691108
45 0.0193853 0.00260364 -0.00260364  65.406 19.507 5.5149 0.484302
50 0.0193853 0.00260364 -0.00260364  65.406 19.507 5.5149 0.484302
55 0.0120017 0.00260364 -0.00260364  65.406 19.507 5.5149 0.484302
60 0.0120017 0.00141937 -0.00141937  93.4509 19.1442 6.35926 1.65117
65 0.0120017 0.00141937 -0.00141937  93.4509 19.1442 6.35926 1.65117
70 0.0120017 0.00141937 -0.00141937  93.4509 19.1442 6.35926 1.65117
75 0.0120017 0.00141937 -0.00141937  93.4509 19.1442 6.35926 1.65117
80 0.0120017 0.00141937 -0.00141937  93.4509 19.1442 6.35926 1.65117
85 0.00860828 0.00141937 -0.00141937  93.4509 19.1442 6.35926 1.65117
90 0.00860828 0.00141937 -0.00141937  93.4509 19.1442 6.35926 1.65117
95 0.00860828 0.00141937 -0.00141937  93.4509 19.1442 6.35926 1.65117
100 0.00860828 0.00141937 -0.00141937  93.4509 19.1442 6.35926 1.65117
5 0 0.00190332 -0.00190332  61.8123 15.6378 13.3811 1.11413
10 0.01397 0.00190332 -0.00190332  61.8123 15.6378 13.3811 1.11413
15 0.01397 0.00190332 -0.00190332  61.8123 15.6378 13.3811 1.11413
20 0.01397 0.00180734 -0.00180734  61.9472 15.8696 13.5399 1.11112
25 0.00924645 0.00180734 -0.00180734  61.9472 15.8696 13.5399 1.11112
30 0.00924645 0.00180734 -0.00180734  61.9472 15.8696 13.5399 1.11112
35 0.00924645 0.00180734 -0.00180734  61.9472 15.8696 13.5399 1.11112
40 0.00924645 0.00180734 -0.00180734  61.9472 15.8696 13.5399 1.11112
45 0.00990306 0.00180734 -0.00180734  61.9472 15.8696 13.5399 1.11112
50 0.00990306 0.00180734 -0.00180734  61.9472 15.8696 13.5399 1.11112
55 0.00990306 0.00180734 -0.00180734  61.9472 15.8696 13.5399 1.11112
60 0.00990306 0.00180734 -0.00180734  61.9472 15.8696 13.5399 1.11112
65 0.00714494 0.00180734 -0.00180734  61.9472 15.8696 13.5399 1.11112
