0.0167262
--> 1: 0.00870785 -0.00870785  78.2367 11.5776 9.22667 0.986639
--> 2: 0.0250807 -0.0250807  61.4138 17.829 5.07372 2.11033
--> 3: 0.0170595 -0.0170595  94.6848 3.23985 0.809046 4.52312
--> 4: 0.0143732 -0.0143732  66.6159 6.95145 5.80281 2.95416
--> 5: 0.0109969 -0.0109969  76.7322 3.55792 6.76084 2.54239
--> 6: 0.00775698 -0.00775698  64.0681 9.83323 9.40487 2.20118
--> 7: 0.0248045 -0.0248045  98.2486 13.2787 5.22992 2.86431
--> 8: 0.0264384 -0.0264384  98.607 14.729 2.20025 4.20004
--> 9: 0.00355839 -0.00355839  98.6545 16.6246 13.1793 0.120226
--> 10: 0.0020692 -0.0020692  88.5797 16.8878 14.3595 3.27686
--> 11: 0.00953935 -0.00953935  78.3471 11.7004 9.22376 0.964571
--> 12: 0.0103022 -0.0103022  77.7042 11.5162 9.19515 0.955224
--> 13: 0.00931692 -0.00931692  77.9887 11.453 9.29394 1.0012
--> 14: 0.0335544 -0.0335544  61.4955 17.8635 4.97272 2.09854
--> 15: 0.0118706 -0.0118706  61.3292 17.8704 5.08042 2.12916
--> 16: 0.0335544 -0.0335544  61.394 17.816 5.04427 2.13238
--> 17: 0.0170889 -0.0170889  95.0668 3.17691 0.715072 4.4429
--> 18: 0.0170725 -0.0170725  94.5996 3.20735 0.743039 4.54349
--> 19: 0.0169677 -0.0169677  94.9774 3.23695 0.897462 4.55062
--> 20: 0.01447 -0.01447  66.7539 7.03209 5.85854 2.93024
--> 21: 0.013128 -0.013128  65.9957 6.91754 5.93476 3.02832
--> 22: 0.0146282 -0.0146282  66.8946 6.80623 5.79553 3.00622
--> 23: 0.0105424 -0.0105424  76.8247 3.77458 6.61481 2.65229
--> 24: 0.0100669 -0.0100669  77.0792 3.48177 6.81384 2.56939
--> 25: 0.01134 -0.01134  76.4181 3.43709 6.6575 2.53699
--> 26: 0.00750589 -0.00750589  63.3974 9.79232 9.84203 2.19173
--> 27: 145.981 -145.981  64.3547 9.73394 9.17404 2.17746
--> 28: 0.00811281 -0.00811281  64.2104 9.57247 9.03877 2.16399
--> 29: 0.0241461 -0.0241461  97.949 13.1798 5.26567 2.91821
--> 30: 0.0200566 -0.0200566  97.9961 13.2477 5.21734 2.87048
--> 31: 0.029372 -0.029372  98.1282 13.3694 5.26109 2.84453
--> 32: 0.0061318 -0.0061318  98.8095 14.6939 2.13824 4.24806
--> 33: 0.0335544 -0.0335544  98.4395 14.6385 2.11685 4.20173
--> 34: 0.0335544 -0.0335544  98.6373 14.7279 2.24244 4.22444
--> 35: 0.0040119 -0.0040119  97.698 16.5102 13.0809 0.13078
--> 36: 0.00404999 -0.00404999  97.9601 16.8232 13.1863 0.211542
--> 37: 0.00378605 -0.00378605  99.2853 16.7227 13.222 0.221902
--> 38: 0.00195765 -0.00195765  88.0729 16.8659 14.4204 3.27529
--> 39: 0.00212066 -0.00212066  88.4231 16.7967 14.1637 3.26861
--> 40: 0.00203632 -0.00203632  88.615 16.7344 14.3074 3.24053
--> 41: 0.00978953 -0.00978953  78.7199 11.4934 9.19288 1.02432
--> 42: 0.00905232 -0.00905232  78.1503 11.4999 9.1533 1.00501
--> 43: 0.00904324 -0.00904324  78.3065 11.5403 9.22386 1.00118
--> 44: 0.0335544 -0.0335544  62.1293 17.8173 4.95135 2.07207
--> 45: 0.0124847 -0.0124847  61.4053 17.8886 5.04019 2.11987
--> 46: 0.0254991 -0.0254991  61.7516 17.8159 5.09312 2.12495
--> 47: 0.0167478 -0.0167478  94.6838 3.12239 0.912582 4.56177
--> 48: 0.0170657 -0.0170657  94.956 3.30264 0.850747 4.50021
--> 49: 0.016935 -0.016935  95.155 3.23237 0.905292 4.56735
--> 50: 0.0134681 -0.0134681  66.1267 7.02158 5.87915 3.04214
--> 51: 0.013048 -0.013048  66.1958 6.9154 6.02317 3.01169
--> 52: 0.0137364 -0.0137364  65.9259 6.79728 6.10611 3.00769
--> 53: 0.00953663 -0.00953663  77.7661 3.43284 6.69219 2.59457
--> 54: 0.0100366 -0.0100366  77.3122 3.43861 6.98999 2.59444
--> 55: 0.00997743 -0.00997743  77.1995 3.46553 6.80638 2.53744
--> 56: 0.00727023 -0.00727023  63.6959 9.88679 9.81726 2.10705
--> 57: 0.00760914 -0.00760914  63.2632 9.70243 9.99508 2.191
--> 58: 0.00747598 -0.00747598  63.8597 9.71476 9.78398 2.16199
--> 59: 0.0202202 -0.0202202  97.6902 13.3147 5.2311 2.90349
--> 60: 0.0236612 -0.0236612  97.8885 13.2194 5.20846 2.887
--> 61: 0.019259 -0.019259  98.3228 13.2866 5.16448 2.8405
--> 62: 0.0335544 -0.0335544  99.1507 14.5869 2.21953 4.3093
--> 63: 0.00389191 -0.00389191  98.7448 14.5372 2.29526 4.18137
--> 64: 0.0256661 -0.0256661  98.9105 14.5236 2.29255 4.21233
--> 65: 0.00373657 -0.00373657  98.5145 16.413 13.0937 0.00499624
--> 66: 0.00333423 -0.00333423  98.5356 16.6927 13.4136 0.169379
--> 67: 0.00474162 -0.00474162  98.7855 16.8136 13.2386 0.0783206
--> 68: 0.00206849 -0.00206849  89.0607 17.0275 14.7142 3.17873
--> 69: 0.00201714 -0.00201714  88.6607 16.6983 14.3171 3.17755
--> 70: 0.00207794 -0.00207794  87.4046 16.9836 14.5713 3.29111
--> 71: 0.00450051 -0.00450051  94.532 8.80207 11.4339 0.395181
--> 72: 0.0172077 -0.0172077  60.4075 10.0257 12.0218 1.49339
--> 73: 0.00325844 -0.00325844  94.1515 10.4851 18.0215 3.66528
--> 74: 0.00200127 -0.00200127  88.6724 16.9148 14.6152 3.31344
--> 75: 0.00216975 -0.00216975  89.0937 17.0285 14.5153 3.23934
--> 76: 0.0017618 -0.0017618  88.1276 16.6463 14.7808 3.30963
--> 77: 0.00311992 -0.00311992  98.056 16.6912 13.4116 0.149613
--> 78: 0.0032002 -0.0032002  98.7867 16.7815 13.5138 0.191682
--> 79: 0.00295787 -0.00295787  98.4626 16.7461 13.6186 0.130586
--> 80: 0.0283971 -0.0283971  99.846 14.4846 2.05243 4.1956
--> 81: 0.0335544 -0.0335544  98.5516 14.5281 2.14827 4.2662
--> 82: 0.0335544 -0.0335544  98.3151 14.788 2.28133 4.16682
--> 83: 0.0068879 -0.0068879  63.8087 10.1111 9.98228 2.10794
--> 84: 0.00777268 -0.00777268  64.1139 9.81933 9.96513 2.06552
--> 85: 0.00701959 -0.00701959  63.8729 10.0829 9.79828 2.14983
--> 86: 0.0166834 -0.0166834  94.4985 3.10695 0.942303 4.59711
--> 87: 0.0167348 -0.0167348  94.708 3.09987 0.898397 4.59602
--> 88: 0.0168195 -0.0168195  94.7078 3.06012 0.79153 4.57749
--> 89: 0.00445756 -0.00445756  94.6058 8.76117 11.5666 0.35535
--> 90: 0.00446023 -0.00446023  93.6891 8.89587 11.5046 0.407757
--> 91: 0.00448237 -0.00448237  94.8427 8.83023 11.5769 0.365915
--> 92: 0.0167556 -0.0167556  60.5226 10.1553 12.0626 1.50527
--> 93: 0.0173599 -0.0173599  60.2734 10.041 12.0019 1.46448
--> 94: 0.0173536 -0.0173536  60.1505 9.88583 11.9208 1.47644
--> 95: 0.00284312 -0.00284312  94.5957 10.5289 17.9664 3.65467
--> 96: 0.00259367 -0.00259367  94.7166 10.9272 18.1735 3.56066
--> 97: 0.00270869 -0.00270869  93.9531 10.5168 18.0893 3.65039
--> 98: 0.00905692 -0.00905692  93.1754 18.8912 19.581 3.43099
--> 99: 0.0198387 -0.0198387  68.5125 10.585 18.607 4.49108
--> 100: 0.0211655 -0.0211655  81.4692 7.41927 19.2191 4.44497
--> 1: 0.0196796 -0.0196796  90.0847 18.6887 9.08239 1.3713
--> 2: 0.0191976 -0.0191976  78.5863 1.3904 9.70173 1.75511
--> 3: 0.0199877 -0.0199877  75.8355 12.5239 6.36644 2.00691
--> 4: 0.0167133 -0.0167133  98.3869 10.6084 7.75112 3.20349
--> 5: 0.0226419 -0.0226419  93.6659 3.22656 16.4127 0.873761
--> 6: 0.00212246 -0.00212246  53.5211 19.1609 12.305 0.729999
--> 7: 0.0269088 -0.0269088  90.9248 1.2085 16.033 0.969721
--> 8: 0.0213152 -0.0213152  60.5295 2.31096 8.26526 1.2114
--> 9: 0.00761142 -0.00761142  50.8222 15.4636 13.1187 4.61211
--> 10: 0.00458328 -0.00458328  74.1495 10.0214 11.3424 5.63351
--> 11: 0.0195684 -0.0195684  90.3098 18.701 9.13115 1.4005
--> 12: 0.0200349 -0.0200349  89.692 18.6568 9.15213 1.43655
--> 13: 0.0197546 -0.0197546  90.3947 18.7092 9.11193 1.41061
--> 14: 0.0196361 -0.0196361  78.2988 1.33153 9.76741 1.78267
--> 15: 0.0193457 -0.0193457  78.5972 1.27588 9.64667 1.75075
--> 16: 0.0193633 -0.0193633  78.6393 1.33272 9.73495 1.74954
--> 17: 0.0203484 -0.0203484  75.8464 12.5736 6.29907 2.04528
--> 18: 0.0193239 -0.0193239  76.0839 12.3993 6.23519 2.05693
--> 19: 0.0202556 -0.0202556  75.7668 12.5097 6.27971 2.04709
--> 20: 0.0166589 -0.0166589  98.511 10.734 7.82749 3.17483
--> 21: 0.0167644 -0.0167644  98.2469 10.632 7.79057 3.24707
--> 22: 0.0168439 -0.0168439  98.2648 10.523 7.81094 3.16993
--> 23: 0.0232502 -0.0232502  93.5896 3.12659 16.3812 0.916959
--> 24: 0.0230324 -0.0230324  93.7863 3.23599 16.4707 0.891314
--> 25: 0.0222285 -0.0222285  93.4873 3.46988 16.4525 0.851949
--> 26: 0.00197384 -0.00197384  54.2781 19.1038 12.2594 0.711339
--> 27: 0.00211358 -0.00211358  53.1587 19.2538 12.0815 0.785843
--> 28: 0.00202039 -0.00202039  53.1423 19.4782 12.2674 0.826122
--> 29: 0.0335544 -0.0335544  90.8268 1.13391 15.9561 0.978152
--> 30: 0.0275574 -0.0275574  90.732 1.2457 15.8887 0.929408
--> 31: 0.0296105 -0.0296105  90.8648 1.24204 16.1328 0.982031
--> 32: 0.0215274 -0.0215274  60.2559 2.23485 8.2354 1.18844
--> 33: 0.0209739 -0.0209739  60.5011 2.47267 8.20018 1.20197
--> 34: 0.0211233 -0.0211233  60.6771 2.32903 8.2249 1.2025
--> 35: 0.00780111 -0.00780111  50.7159 15.6095 12.9917 4.58645
--> 36: 0.00900438 -0.00900438  50.6571 15.4003 13.068 4.58003
--> 37: 0.0149322 -0.0149322  50.2589 15.1235 13.2714 4.48434
--> 38: 0.00483419 -0.00483419  74.2351 9.77581 11.6586 5.52957
--> 39: 0.00455121 -0.00455121  73.7243 9.74538 11.4921 5.61508
--> 40: 0.00447834 -0.00447834  73.6807 9.8913 11.4153 5.67676
--> 41: 0.0061446 -0.0061446  74.8446 10.4375 15.0718 3.83556
--> 42: 0.0195461 -0.0195461  67.6721 4.9477 12.0116 4.63859
--> 43: 0.0335544 -0.0335544  53.2133 17.7333 0.783221 3.30767
--> 44: 0.00234106 -0.00234106  54.7943 19.0587 12.115 0.702098
--> 45: 0.00238401 -0.00238401  53.9551 19.1401 12.2686 0.785345
--> 46: 0.00215303 -0.00215303  54.6072 19.1907 12.2828 0.702943
--> 47: 0.0047682 -0.0047682  73.0833 9.84024 11.4409 5.63923
--> 48: 0.00475007 -0.00475007  73.576 9.74811 11.2546 5.646
--> 49: 0.00500218 -0.00500218  74.1214 9.78173 11.5137 5.78684
--> 50: 0.00711487 -0.00711487  50.8537 15.4756 12.9508 4.67499
--> 51: 0.0103923 -0.0103923  50.4911 15.533 13.3677 4.54895
--> 52: 0.00509894 -0.00509894  51.1886 15.8112 12.8325 4.56961
--> 53: 0.0168376 -0.0168376  98.5748 10.7468 7.98514 3.06494
--> 54: 0.016682 -0.016682  98.5753 10.6984 7.8115 3.14263
--> 55: 0.0165666 -0.0165666  98.6198 10.7805 7.44255 3.20093
--> 56: 0.0194155 -0.0194155  78.2444 1.50948 9.82272 1.7266
--> 57: 0.0196944 -0.0196944  78.1848 1.35527 9.73873 1.76385
--> 58: 0.0192253 -0.0192253  78.1321 1.40257 9.51188 1.74289
--> 59: 0.0080271 -0.0080271  74.2654 10.2267 14.9814 3.81521
--> 60: 0.00606328 -0.00606328  75.05 10.3486 15.1414 3.84609
--> 61: 0.00884763 -0.00884763  74.5644 10.0423 15.2786 3.76044
--> 62: 0.0201557 -0.0201557  67.1332 4.96817 12.0666 4.61024
--> 63: 0.020794 -0.020794  68.1538 4.87845 12.1513 4.65864
--> 64: 0.0198728 -0.0198728  67.9402 4.94346 12.2305 4.62987
--> 65: 0.0335544 -0.0335544  53.0012 17.7331 0.778938 3.26351
--> 66: 0.0335544 -0.0335544  53.1404 17.8372 0.609806 3.30465
--> 67: 0.0335544 -0.0335544  53.0262 17.6704 0.702709 3.29595
--> 68: 0.00511631 -0.00511631  77.8214 8.16059 11.5109 4.8906
--> 69: 0.0335544 -0.0335544  92.0266 15.1726 1.16018 5.78545
--> 70: 0.010194 -0.010194  76.8965 4.84037 6.21786 4.03768
--> 71: 0.00239101 -0.00239101  54.3917 19.3755 11.9609 0.756586
--> 72: 0.00213144 -0.00213144  54.4556 18.9653 12.2238 0.691507
--> 73: 0.00229626 -0.00229626  54.3418 18.6393 11.9404 0.737382
--> 74: 0.00467989 -0.00467989  73.3768 9.81025 11.3164 5.7178
--> 75: 0.0046915 -0.0046915  73.5577 9.75709 12.0124 5.70806
--> 76: 0.00465863 -0.00465863  73.527 9.77958 11.3813 5.74188
--> 77: 0.00642576 -0.00642576  50.783 15.8437 12.5454 4.5197
--> 78: 0.00510932 -0.00510932  51.2356 15.7037 12.5358 4.60375
--> 79: 0.00767056 -0.00767056  50.6779 15.6885 12.8366 4.57781
--> 80: 0.0165333 -0.0165333  98.6732 10.7618 7.46783 3.26055
--> 81: 0.0166786 -0.0166786  98.777 10.8887 7.42027 3.17403
--> 82: 0.0165041 -0.0165041  98.4903 10.4958 7.3223 3.25282
--> 83: 0.0192832 -0.0192832  78.3155 1.42059 9.62643 1.76173
--> 84: 0.0196597 -0.0196597  78.3731 1.30296 9.70177 1.70756
--> 85: 0.0181088 -0.0181088  79.6415 1.42031 9.62206 1.75432
--> 86: 0.0335544 -0.0335544  53.4664 17.6548 0.674656 3.2954
--> 87: 0.0335544 -0.0335544  52.9331 17.7301 0.770062 3.23817
--> 88: 0.0335544 -0.0335544  52.9586 17.7967 0.808429 3.26029
--> 89: 0.0064368 -0.0064368  77.9955 8.1806 11.3975 4.89788
--> 90: 0.00550493 -0.00550493  77.3286 8.04254 11.4332 4.9916
--> 91: 0.0056888 -0.0056888  78.3493 8.17804 11.6045 4.91024
--> 92: 0.0335544 -0.0335544  91.8922 15.1918 1.20296 5.77564
--> 93: 0.0335544 -0.0335544  91.8772 15.1832 1.22356 5.77988
--> 94: 0.0335544 -0.0335544  91.7359 15.1263 1.26295 5.8079
--> 95: 0.0100241 -0.0100241  76.5821 4.85286 6.52214 4.06369
--> 96: 0.009791 -0.009791  77.5714 4.85254 6.0508 4.04233
--> 97: 0.00944237 -0.00944237  77.2725 4.51685 6.27235 4.02035
--> 98: 0.0200206 -0.0200206  94.3041 13.3076 7.09112 2.63217
--> 99: 0.01655 -0.01655  59.3931 5.92667 4.09579 1.32745
--> 100: 0.0163002 -0.0163002  93.5137 4.11785 2.47236 3.26253
--> 1: 0.0171521 -0.0171521  70.3748 15.2373 8.0806 0.78259
--> 2: 0.0232057 -0.0232057  71.1546 1.13425 11.3449 5.73066
--> 3: 0.00644165 -0.00644165  56.6606 17.2948 18.8432 2.5497
--> 4: 0.0335544 -0.0335544  63.7634 10.545 0.575307 4.35243
--> 5: 0.00717471 -0.00717471  92.3081 7.31137 9.10709 3.86086
--> 6: 0.0335544 -0.0335544  52.892 3.14043 19.0281 2.43783
--> 7: 0.0181524 -0.0181524  85.0359 7.3329 3.70439 5.83475
--> 8: 0.00890684 -0.00890684  85.187 5.03478 10.3187 2.13165
--> 9: 0.0184856 -0.0184856  80.292 6.77983 16.0126 1.44664
--> 10: 0.00670446 -0.00670446  92.6325 15.4068 11.6642 5.89784
--> 11: 0.0182007 -0.0182007  70.9982 15.0759 7.93568 0.779045
--> 12: 0.0170925 -0.0170925  70.3659 15.1096 8.07095 0.738091
--> 13: 0.0170401 -0.0170401  70.4251 15.1762 8.13769 0.780032
--> 14: 0.0230442 -0.0230442  71.3415 1.25803 11.4343 5.74493
--> 15: 0.0232606 -0.0232606  70.8816 0.928125 11.2996 5.76374
--> 16: 0.0231523 -0.0231523  71.1497 0.953929 11.2692 5.71304
--> 17: 0.00927052 -0.00927052  56.2423 17.2667 18.8727 2.37481
--> 18: 0.00614587 -0.00614587  57.4456 17.2978 18.7495 2.66973
--> 19: 0.00585598 -0.00585598  56.9881 17.2999 18.74 2.49029
--> 20: 0.0335544 -0.0335544  63.649 10.5076 0.528685 4.34816
--> 21: 0.000952742 -0.000952742  63.8171 10.5404 0.542174 4.36569
--> 22: 0.0104988 -0.0104988  63.9136 10.47 0.632213 4.36098
--> 23: 0.00722824 -0.00722824  93.045 7.49284 9.23597 3.84706
--> 24: 0.00686907 -0.00686907  91.907 7.12632 9.25692 3.90264
--> 25: 0.00725696 -0.00725696  91.4091 7.33039 9.07714 3.90918
--> 26: 0.0335544 -0.0335544  52.712 3.08094 19.1046 2.44754
--> 27: 0.0335544 -0.0335544  52.8305 3.14238 19.1098 2.41918
--> 28: 0.0335544 -0.0335544  52.6535 3.22208 19.0676 2.44791
--> 29: 0.0182515 -0.0182515  85.0269 7.25073 3.58862 5.76425
--> 30: 0.0177302 -0.0177302  84.9667 7.22617 3.81111 5.78617
--> 31: 0.0176558 -0.0176558  84.6151 7.11646 3.69161 5.84767
--> 32: 0.0121983 -0.0121983  84.4998 4.68343 10.6803 2.18546
--> 33: 0.00864694 -0.00864694  84.9245 5.39119 10.3844 2.08889
--> 34: 0.00930588 -0.00930588  84.9986 5.142 10.4453 2.09619
--> 35: 0.0181801 -0.0181801  80.5493 6.89539 16.1051 1.49693
--> 36: 0.0176382 -0.0176382  79.9871 6.82505 16.0292 1.43032
--> 37: 0.0182651 -0.0182651  80.9319 6.73608 16.1482 1.48639
--> 38: 0.00832816 -0.00832816  92.375 15.4777 11.3274 5.86246
--> 39: 0.00938242 -0.00938242  93.1138 15.6304 11.2823 5.83072
--> 40: 0.00695887 -0.00695887  92.8625 15.3187 11.5994 5.92452
--> 41: 0.0173838 -0.0173838  70.6611 15.1205 8.05715 0.768191
--> 42: 0.0171478 -0.0171478  70.1267 15.1349 7.98081 0.794184
--> 43: 0.01705 -0.01705  70.2773 14.9269 8.01737 0.754796
--> 44: 0.0233177 -0.0233177  71.0306 1.21977 11.4234 5.73098
--> 45: 0.0231277 -0.0231277  71.1181 1.27124 11.3039 5.77858
--> 46: 0.0232817 -0.0232817  71.8238 1.22761 11.434 5.76992
--> 47: 0.00562522 -0.00562522  57.4995 17.6478 18.7387 2.45336
--> 48: 0.00597153 -0.00597153  57.6617 17.1316 18.8133 2.38471
--> 49: 0.00634281 -0.00634281  56.7719 17.4481 18.82 2.49452
--> 50: 0.0177819 -0.0177819  63.5591 10.6723 0.570928 4.38032
--> 51: 0.0335544 -0.0335544  64.6308 10.4813 0.546787 4.24467
--> 52: 0.0247293 -0.0247293  63.7911 10.869 0.886894 4.46298
--> 53: 0.00690002 -0.00690002  91.9016 7.28661 9.22363 3.91777
--> 54: 0.0070038 -0.0070038  92.2866 7.116 9.16355 3.98582
--> 55: 0.00663082 -0.00663082  91.6769 6.91144 9.30192 3.80711
--> 56: 0.0335544 -0.0335544  52.7164 3.08095 19.1241 2.43364
--> 57: 0.0335544 -0.0335544  52.621 3.08295 19.0365 2.45491
--> 58: 0.0335544 -0.0335544  52.8278 3.04107 19.1399 2.44491
--> 59: 0.0172457 -0.0172457  84.3309 7.1071 3.81173 5.77154
--> 60: 0.0174875 -0.0174875  84.4316 7.24233 3.82777 5.88338
--> 61: 0.0179472 -0.0179472  84.6943 7.33126 3.70768 5.86433
--> 62: 0.00817522 -0.00817522  85.0487 5.21984 10.0258 2.0825
--> 63: 0.00825726 -0.00825726  85.0615 5.41473 10.3885 2.03574
--> 64: 0.0104578 -0.0104578  84.2054 5.15979 10.6136 2.10305
--> 65: 0.018694 -0.018694  80.1753 6.93411 16.2221 1.42286
--> 66: 0.0178116 -0.0178116  79.6253 6.77885 15.9045 1.41793
--> 67: 0.0187778 -0.0187778  80.2314 6.80354 16.1118 1.42093
--> 68: 0.00642677 -0.00642677  92.603 15.37 11.7304 5.79952
--> 69: 0.0059668 -0.0059668  92.3261 15.2321 11.7344 5.87671
--> 70: 0.00724639 -0.00724639  92.6255 15.2001 11.5202 5.88501
--> 71: 0.0205193 -0.0205193  95.5177 16.1252 8.43091 3.09945
--> 72: 0.00174953 -0.00174953  77.6152 13.4647 16.5403 5.27554
--> 73: 0.0335544 -0.0335544  97.6774 17.3179 0.906955 0.797154
--> 74: 0.00196016 -0.00196016  96.5607 15.0182 17.8973 5.48154
--> 75: 0.0335544 -0.0335544  63.8909 10.5587 0.683479 4.36828
--> 76: 0.0267344 -0.0267344  64.9936 10.3581 0.543617 4.3357
--> 77: 0.0335544 -0.0335544  63.0936 11.1202 0.729704 4.41917
--> 78: 0.00591626 -0.00591626  56.8166 17.19 18.7811 2.54189
--> 79: 0.00513797 -0.00513797  57.6998 17.3466 18.5432 2.48832
--> 80: 0.0148311 -0.0148311  57.6898 17.7459 18.8354 2.44193
--> 81: 0.00803575 -0.00803575  91.9855 15.1609 11.4887 5.79556
--> 82: 0.00549535 -0.00549535  92.8822 14.8997 11.8661 5.9076
--> 83: 0.00693305 -0.00693305  92.0576 15.0491 11.4348 5.891
--> 84: 0.00650037 -0.00650037  92.0092 6.95865 9.68168 3.79961
--> 85: 0.0067241 -0.0067241  91.578 6.89713 9.24557 3.85686
--> 86: 0.00649884 -0.00649884  91.8938 6.96036 9.44312 3.82264
--> 87: 0.016914 -0.016914  70.3981 15.0803 8.21936 0.739065
--> 88: 0.0171937 -0.0171937  70.6214 15.1525 8.10251 0.824394
--> 89: 0.0175349 -0.0175349  70.5695 15.1692 8.02046 0.756744
--> 90: 0.0232892 -0.0232892  71.1796 1.02716 11.3079 5.77259
--> 91: 0.022461 -0.022461  70.5328 1.09705 11.6005 5.77269
--> 92: 0.0233372 -0.0233372  71.2653 1.29687 11.3492 5.71477
--> 93: 0.0335544 -0.0335544  52.6218 3.03595 19.036 2.41814
--> 94: 0.0335544 -0.0335544  52.7086 3.12363 19.1487 2.43372
--> 95: 0.0335544 -0.0335544  53.1216 3.19148 19.182 2.4362
--> 96: 0.0197612 -0.0197612  95.989 16.1432 8.55272 3.06423
--> 97: 0.0208437 -0.0208437  95.8422 16.1795 8.43656 3.08409
--> 98: 0.0207447 -0.0207447  95.4895 16.0977 8.39594 3.11774
--> 99: 0.00145951 -0.00145951  77.8239 13.6437 16.209 5.1798
--> 100: 0.00201575 -0.00201575  77.1494 13.2876 16.515 5.22189
--> 1: 0.0216679 -0.0216679  95.7665 10.4545 4.05658 0.00357869
--> 2: 0.021328 -0.021328  92.1331 2.13466 13.6227 1.37694
--> 3: 0.0335544 -0.0335544  91.9443 1.49779 19.7 5.5508
--> 4: 0.0335544 -0.0335544  53.7506 6.12748 19.4579 5.68679
--> 5: 0.014786 -0.014786  62.1534 14.755 8.19165 4.52444
--> 6: 0.0168192 -0.0168192  81.4305 8.92349 5.47505 5.3309
--> 7: 0.0010964 -0.0010964  81.953 12.949 15.6011 6.13797
--> 8: 0.017031 -0.017031  81.6334 16.7608 9.67596 3.53795
--> 9: 0.0127359 -0.0127359  52.0355 13.0328 9.16857 0.850536
--> 10: 0.0335544 -0.0335544  53.4093 19.1967 2.54177 3.40162
--> 11: 0.0216802 -0.0216802  95.9574 10.4642 4.12964 0.0373532
--> 12: 0.0215146 -0.0215146  96.0152 10.5297 4.10322 0.0152491
--> 13: 0.0220447 -0.0220447  95.8945 10.4519 4.03612 0.0304953
--> 14: 0.0209031 -0.0209031  92.5209 2.29214 13.8157 1.40387
--> 15: 0.0200325 -0.0200325  91.6839 2.143 13.3945 1.33869
--> 16: 0.0208362 -0.0208362  92.4921 2.25679 13.6994 1.3152
--> 17: 0.0335544 -0.0335544  92.0718 1.32796 19.7006 5.56435
--> 18: 0.0248492 -0.0248492  91.8983 1.38523 19.6798 5.52643
--> 19: 0.0335544 -0.0335544  91.7241 1.47936 19.6509 5.56188
--> 20: 0.0335544 -0.0335544  53.6299 6.16367 19.4791 5.68747
--> 21: 0.0335544 -0.0335544  53.3823 6.05571 19.472 5.66486
--> 22: 0.0335544 -0.0335544  53.6552 6.15129 19.4214 5.70089
--> 23: 0.0156828 -0.0156828  62.5452 15.0209 8.34606 4.47002
--> 24: 0.0140092 -0.0140092  62.2122 14.7758 8.28976 4.54692
--> 25: 0.0143232 -0.0143232  62.0537 14.7678 8.20778 4.51444
--> 26: 0.0170772 -0.0170772  81.7065 9.02972 5.47612 5.3065
--> 27: 0.0167645 -0.0167645  80.988 9.00054 5.48307 5.39131
--> 28: 0.0167768 -0.0167768  81.2123 8.86992 5.41238 5.28151
--> 29: 0.00131506 -0.00131506  82.131 13.0627 15.9841 6.03967
--> 30: 0.00125343 -0.00125343  81.1321 12.7757 15.5093 6.23803
--> 31: 0.00119535 -0.00119535  82.4041 13.0625 15.6873 6.12351
--> 32: 0.017075 -0.017075  81.7596 16.8463 9.56737 3.55395
--> 33: 0.0170137 -0.0170137  81.1887 16.8741 9.47674 3.44368
--> 34: 0.017527 -0.017527  82.0659 16.6946 9.64832 3.63182
--> 35: 0.0125286 -0.0125286  52.0542 13.1642 9.21894 0.793419
--> 36: 0.0129464 -0.0129464  52.1869 13.1606 8.92448 0.858172
--> 37: 0.0127482 -0.0127482  52.2686 12.9826 9.15784 0.850797
--> 38: 0.0335544 -0.0335544  53.0225 19.1536 2.62409 3.42024
--> 39: 0.0335544 -0.0335544  53.5608 19.2385 2.61536 3.39877
--> 40: 0.0335544 -0.0335544  53.4516 19.2652 2.52582 3.38377
--> 41: 0.00944525 -0.00944525  58.9426 12.9703 15.4048 4.56289
--> 42: 0.00289848 -0.00289848  73.5751 19.4105 14.3315 1.99117
--> 43: 0.0163547 -0.0163547  56.0863 13.8306 4.26804 0.921554
--> 44: 0.0335544 -0.0335544  52.3271 0.529813 13.5874 1.86944
--> 45: 0.00105356 -0.00105356  82.7683 13.6012 15.4497 6.11324
--> 46: 0.00121354 -0.00121354  81.55 12.9205 15.7998 6.17678
--> 47: 0.0012578 -0.0012578  82.0742 13.3135 15.9625 6.18304
--> 48: 0.013006 -0.013006  52.0655 12.9852 9.05341 0.752787
--> 49: 0.0135771 -0.0135771  51.5693 12.9147 9.1509 0.838604
--> 50: 0.0127259 -0.0127259  52.1711 13.1258 9.13722 0.849646
--> 51: 0.0154022 -0.0154022  62.3513 14.9014 8.22604 4.52826
--> 52: 0.0170811 -0.0170811  62.7957 14.8776 8.16305 4.58988
--> 53: 0.0170685 -0.0170685  62.9927 14.8754 8.06486 4.55316
--> 54: 0.016678 -0.016678  80.801 9.18269 5.63559 5.42235
--> 55: 0.0167308 -0.0167308  81.5282 8.8705 5.52899 5.37607
--> 56: 0.016583 -0.016583  80.7448 8.6914 5.68878 5.37073
--> 57: 0.0203955 -0.0203955  91.6507 2.04613 13.4213 1.35746
--> 58: 0.0202488 -0.0202488  91.6805 2.07395 13.3746 1.31204
--> 59: 0.0199648 -0.0199648  91.8682 2.04012 13.3097 1.31556
--> 60: 0.0211454 -0.0211454  96.2498 10.5773 4.15811 0.0176314
--> 61: 0.0215058 -0.0215058  95.8185 10.5321 4.06548 0.0011141
--> 62: 0.0215595 -0.0215595  95.8335 10.4574 4.12104 0.0373044
--> 63: 0.0225494 -0.0225494  91.6412 1.35331 19.7144 5.51875
--> 64: 0.0236237 -0.0236237  91.6285 1.45086 19.8152 5.5526
--> 65: 0.0226106 -0.0226106  92.028 1.33962 19.6741 5.48715
--> 66: 0.0335544 -0.0335544  53.4665 6.17078 19.4068 5.67136
--> 67: 0.0335544 -0.0335544  53.4812 6.03238 19.4456 5.68511
--> 68: 0.0335544 -0.0335544  53.6264 6.03719 19.5216 5.66838
--> 69: 0.010243 -0.010243  58.8827 13.0737 15.6683 4.5635
--> 70: 0.010888 -0.010888  58.7334 12.9452 15.3933 4.56658
--> 71: 0.0168788 -0.0168788  59.3118 13.1066 15.3308 4.52548
--> 72: 0.0026471 -0.0026471  72.9269 19.0927 14.0668 2.02806
--> 73: 0.00285535 -0.00285535  74.2784 19.4687 14.525 2.04679
--> 74: 0.00298556 -0.00298556  73.6336 19.3749 14.1833 1.96588
--> 75: 0.0214672 -0.0214672  56.5989 13.7536 4.34352 0.881762
--> 76: 0.02289 -0.02289  56.0163 13.9763 4.34281 0.939082
--> 77: 0.0335544 -0.0335544  55.724 13.8253 4.32389 0.903151
--> 78: 0.0335544 -0.0335544  52.0514 0.503539 13.6234 1.86093
--> 79: 0.0335544 -0.0335544  52.391 0.501975 13.5917 1.86593
--> 80: 0.0335544 -0.0335544  52.395 0.566623 13.5853 1.88188
--> 81: 0.0146297 -0.0146297  72.5865 5.76425 4.75516 5.87336
--> 82: 0.0335544 -0.0335544  65.7016 14.9565 1.22647 4.16863
--> 83: 0.00498782 -0.00498782  62.8106 16.827 17.3894 5.19247
--> 84: 0.0115735 -0.0115735  93.2101 3.24272 10.1755 3.14043
--> 85: 0.0014827 -0.0014827  94.6529 15.8716 14.9153 6.15314
--> 86: 0.00103012 -0.00103012  82.5514 13.5042 15.3333 6.06477
--> 87: 0.000993185 -0.000993185  82.9196 13.5787 15.2465 6.16245
--> 88: 0.00110127 -0.00110127  82.4137 13.5004 15.8361 6.06219
--> 89: 0.00237991 -0.00237991  72.7533 18.9841 14.0882 2.03538
--> 90: 0.00220866 -0.00220866  72.8175 18.743 14.0873 1.90792
--> 91: 0.00278996 -0.00278996  72.8907 19.5953 14.3465 2.04992
--> 92: 0.0165379 -0.0165379  58.317 12.7646 15.4942 4.48909
--> 93: 0.00995053 -0.00995053  58.7575 13.1279 15.5009 4.5766
--> 94: 0.0108776 -0.0108776  57.6895 13.0874 15.6629 4.44677
--> 95: 0.0156878 -0.0156878  51.9976 13.2355 9.07467 0.804649
--> 96: 0.0126931 -0.0126931  51.7386 13.1874 9.36994 0.747748
--> 97: 0.0124882 -0.0124882  52.2341 12.9897 9.45374 0.80798
--> 98: 0.0165081 -0.0165081  81.156 8.6666 5.5992 5.35771
--> 99: 0.0166324 -0.0166324  80.8496 8.63625 5.7446 5.34396
--> 100: 0.016629 -0.016629  80.9105 8.55655 5.66827 5.32174
--> 1: 0.0109181 -0.0109181  85.8798 5.86881 12.9335 5.92572
--> 2: 0.0204443 -0.0204443  64.0647 10.9762 4.23265 0.0864577
--> 3: 0.0335544 -0.0335544  85.6961 4.62543 19.5455 3.79136
--> 4: 0.0219485 -0.0219485  57.5062 7.88626 13.8759 4.71326
--> 5: 0.0214424 -0.0214424  88.8628 7.39041 1.83315 6.17826
--> 6: 0.00826135 -0.00826135  93.6327 18.9301 19.5246 3.14581
--> 7: 0.0142841 -0.0142841  92.974 9.26336 1.30195 1.58045
--> 8: 0.0171981 -0.0171981  86.4598 6.73841 16.4652 3.20214
--> 9: 0.0160824 -0.0160824  78.1012 7.38857 14.1091 3.19643
--> 10: 0.0164447 -0.0164447  60.6803 0.72192 1.71049 5.6107
--> 11: 0.011729 -0.011729  85.1435 5.97596 12.9292 5.94756
--> 12: 0.0109383 -0.0109383  85.6372 5.81665 12.7455 5.96829
--> 13: 0.0121456 -0.0121456  86.1093 5.91537 12.6705 5.92987
--> 14: 0.0251339 -0.0251339  63.6942 10.8443 4.30815 0.132749
--> 15: 0.0211383 -0.0211383  63.5507 10.8315 4.15959 0.159746
--> 16: 0.0210698 -0.0210698  63.7345 10.9267 4.2219 0.106675
--> 17: 0.0246158 -0.0246158  85.572 4.85891 19.4794 3.80431
--> 18: 0.0335544 -0.0335544  85.4122 4.61472 19.5742 3.78741
--> 19: 0.0278282 -0.0278282  85.8944 4.55452 19.6708 3.80128
--> 20: 0.0229135 -0.0229135  58.0606 7.82225 13.9838 4.69003
--> 21: 0.0221237 -0.0221237  56.898 7.96745 13.8102 4.74813
--> 22: 0.0219722 -0.0219722  57.2733 7.87395 13.726 4.6247
--> 23: 0.0215215 -0.0215215  88.9424 7.4826 1.73501 6.18722
--> 24: 733.022 -733.022  88.7629 7.42774 1.83125 6.16037
--> 25: 0.0255833 -0.0255833  89.0669 7.56277 1.74827 6.17098
--> 26: 0.00895986 -0.00895986  93.654 19.2083 19.4982 3.08013
--> 27: 0.00725851 -0.00725851  94.7441 18.7045 19.4664 3.13597
--> 28: 0.00780952 -0.00780952  93.7505 18.9924 19.39 3.11713
--> 29: 0.0128744 -0.0128744  93.1324 9.31871 1.36412 1.66745
--> 30: 0.0125689 -0.0125689  92.3318 9.32377 1.22136 1.54745
--> 31: 0.0183602 -0.0183602  92.8699 9.29206 1.28885 1.56877
--> 32: 0.0171947 -0.0171947  86.5769 6.67874 16.3607 3.22167
--> 33: 0.0172804 -0.0172804  85.743 6.58562 16.6573 3.11747
--> 34: 0.0176295 -0.0176295  87.0413 6.88895 16.5252 3.28346
--> 35: 0.0162574 -0.0162574  78.4164 7.2285 14.0812 3.19977
--> 36: 0.0157745 -0.0157745  78.1439 7.44313 14.1189 3.16333
--> 37: 0.017007 -0.017007  78.0667 7.14987 13.9909 3.20669
--> 38: 0.0164334 -0.0164334  60.992 0.707286 1.69951 5.59898
--> 39: 0.0164223 -0.0164223  60.6038 0.847415 1.78568 5.59032
--> 40: 0.0162716 -0.0162716  61.0186 0.908127 1.65178 5.65924
--> 41: 0.00697845 -0.00697845  88.3424 13.0635 10.8903 3.68873
--> 42: 0.0335544 -0.0335544  90.4265 18.7186 0.954153 2.15507
--> 43: 0.0170229 -0.0170229  50.121 10.181 9.07608 1.90653
--> 44: 0.00679648 -0.00679648  94.7403 18.9122 19.1396 3.16093
--> 45: 0.00590545 -0.00590545  94.5799 18.2888 19.2373 3.19796
--> 46: 0.00931481 -0.00931481  94.4834 19.1503 19.6947 3.13105
--> 47: 0.0146896 -0.0146896  86.0534 5.75419 12.8928 5.98965
--> 48: 0.0137559 -0.0137559  85.5436 5.50353 12.824 5.97943
--> 49: 0.0121359 -0.0121359  85.3963 5.87222 12.8359 5.99853
--> 50: 0.0143777 -0.0143777  93.1562 9.128 1.40872 1.56798
--> 51: 0.0247584 -0.0247584  92.2047 9.31919 1.24775 1.63548
--> 52: 0.0264311 -0.0264311  92.7994 9.39035 1.07436 1.65025
--> 53: 0.0164955 -0.0164955  60.3821 0.65567 1.38306 5.67279
--> 54: 0.01634 -0.01634  60.7022 1.11319 1.85528 5.64084
--> 55: 0.0162765 -0.0162765  61.1647 0.892531 1.64994 5.70208
--> 56: 0.020324 -0.020324  64.0478 11.019 4.28149 0.101232
--> 57: 0.0212658 -0.0212658  63.707 10.9872 4.19399 0.168889
--> 58: 0.0202205 -0.0202205  64.4106 11.1269 4.55838 0.062432
--> 59: 0.0216884 -0.0216884  89.2824 7.57778 2.00757 6.15183
--> 60: 0.0217932 -0.0217932  88.7903 7.55274 1.85948 6.18522
--> 61: 0.0213665 -0.0213665  88.7877 7.50904 1.80353 6.15273
--> 62: 0.00788454 -0.00788454  88.8373 13.2732 10.8739 3.71279
--> 63: 0.00643634 -0.00643634  88.0388 12.9407 10.9529 3.67151
--> 64: 0.00787601 -0.00787601  88.2819 13.3009 10.7656 3.69664
--> 65: 0.0331561 -0.0331561  90.7399 18.7099 0.895797 2.19117
--> 66: 0.0333022 -0.0333022  90.2888 18.521 0.939238 2.16255
--> 67: 0.0335544 -0.0335544  90.3623 18.6792 1.0057 2.14615
--> 68: 0.0172266 -0.0172266  50.0722 10.1636 9.09761 1.86596
--> 69: 0.0167652 -0.0167652  50.1494 10.3428 8.87708 1.85108
--> 70: 0.0170151 -0.0170151  50.0944 10.2311 9.03547 1.9304
--> 71: 0.0335544 -0.0335544  84.2791 12.0824 2.64467 2.78322
--> 72: 0.0228401 -0.0228401  78.0532 3.83113 14.5074 2.14758
--> 73: 0.00555117 -0.00555117  65.0523 12.8499 10.3192 5.46123
--> 74: 0.0335544 -0.0335544  88.2298 1.7355 19.0843 2.19387
--> 75: 0.00577755 -0.00577755  94.6528 18.4483 19.1557 3.17954
--> 76: 0.00576777 -0.00576777  93.4447 18.236 19.2204 3.13775
--> 77: 0.0062526 -0.0062526  94.2316 18.3983 19.4719 3.12985
--> 78: 0.00725697 -0.00725697  88.0944 12.925 10.754 3.69598
--> 79: 0.00698307 -0.00698307  88.6596 12.8572 10.9268 3.73727
--> 80: 0.00636665 -0.00636665  88.1669 13.0786 11.0063 3.75296
--> 81: 0.0126075 -0.0126075  85.3454 5.82043 13.0921 5.95726
--> 82: 0.0142905 -0.0142905  86.3055 5.64928 13.0017 5.93184
--> 83: 0.0132617 -0.0132617  86.8386 5.7705 13.1982 6.00251
--> 84: 0.0256022 -0.0256022  92.064 9.57165 1.06977 1.64602
--> 85: 0.0335544 -0.0335544  92.3699 9.40271 1.14352 1.52438
--> 86: 0.0257638 -0.0257638  91.3532 9.4633 1.19028 1.58097
--> 87: 0.0162842 -0.0162842  61.6707 0.91995 1.71332 5.70547
--> 88: 0.0162769 -0.0162769  61.6216 0.788937 1.59498 5.65709
--> 89: 0.0164531 -0.0164531  60.1503 0.940201 1.32772 5.65607
--> 90: 0.0167708 -0.0167708  50.1573 10.2621 8.92806 1.79317
--> 91: 0.0166211 -0.0166211  50.2174 10.357 8.86455 1.82079
--> 92: 0.016553 -0.016553  50.4705 10.3485 9.00086 1.80681
--> 93: 0.0214216 -0.0214216  88.3906 7.48834 1.77411 6.12761
--> 94: 0.0214327 -0.0214327  89.0673 7.54065 1.68079 6.20939
--> 95: 0.0212688 -0.0212688  88.8481 7.52006 1.80778 6.0588
--> 96: 0.0335544 -0.0335544  83.841 11.9396 2.74757 2.77517
--> 97: 0.0177804 -0.0177804  84.1657 12.002 2.66542 2.7904
--> 98: 0.0335544 -0.0335544  83.8477 12.1698 2.568 2.75139
--> 99: 0.0227884 -0.0227884  78.144 3.83345 14.4538 2.17375
--> 100: 0.0229286 -0.0229286  78.1634 3.87955 14.6279 2.10295
--> 1: 0.00445946 -0.00445946  78.0665 12.4332 10.8327 1.33144
--> 2: 0.00571299 -0.00571299  86.9893 9.421 16.8846 1.20347
--> 3: 0.0197424 -0.0197424  86.7075 13.4046 4.62736 2.91709
--> 4: 0.0160139 -0.0160139  93.0028 7.77152 6.5727 1.53109
--> 5: 0.0163118 -0.0163118  62.824 0.711818 1.84878 2.6533
--> 6: 0.0211144 -0.0211144  77.7218 2.29697 11.9241 0.888112
--> 7: 0.0335544 -0.0335544  52.452 4.40752 19.7754 5.81405
--> 8: 0.0186437 -0.0186437  63.9898 18.8094 8.15184 1.38433
--> 9: 0.0335544 -0.0335544  60.4562 19.2831 2.64931 5.91911
--> 10: 0.0335544 -0.0335544  52.8415 2.75214 15.8224 2.14838
--> 11: 0.0047299 -0.0047299  78.4407 12.1614 10.8471 1.34484
--> 12: 0.00482139 -0.00482139  77.5133 12.8363 10.9592 1.36954
--> 13: 0.00637283 -0.00637283  77.7587 12.5121 10.5426 1.37061
--> 14: 0.0060286 -0.0060286  86.4198 9.43704 16.5732 1.20011
--> 15: 144.695 -144.695  86.2736 9.23441 16.9199 1.22666
--> 16: 0.00550275 -0.00550275  87.12 9.37531 16.7921 1.25605
--> 17: 0.0335544 -0.0335544  86.8986 13.4862 4.70365 2.94786
--> 18: 0.0335544 -0.0335544  86.4248 13.5586 4.54427 2.91289
--> 19: 0.0335544 -0.0335544  86.705 13.3326 4.5176 2.94352
--> 20: 0.0166538 -0.0166538  93.3233 7.94766 6.50454 1.58757
--> 21: 0.0152893 -0.0152893  92.692 7.79026 6.73696 1.51163
--> 22: 0.0161297 -0.0161297  92.6785 7.61783 6.41112 1.5502
--> 23: 0.0163733 -0.0163733  63.2399 0.515065 1.79122 2.65258
--> 24: 0.0163129 -0.0163129  63.1229 0.7476 1.59241 2.67578
--> 25: 0.0163725 -0.0163725  62.1797 0.513967 1.79595 2.69257
--> 26: 0.0206658 -0.0206658  77.9865 2.32609 11.8019 0.888107
--> 27: 0.0216191 -0.0216191  78.0218 2.30968 11.8215 0.869795
--> 28: 0.0216393 -0.0216393  78.0374 2.39267 11.9108 0.823135
--> 29: 0.0335544 -0.0335544  52.4142 4.43127 19.7781 5.82433
--> 30: 0.0335544 -0.0335544  52.4383 4.38415 19.7651 5.79733
--> 31: 0.0335544 -0.0335544  52.3731 4.38299 19.9036 5.80268
--> 32: 0.0208503 -0.0208503  63.7301 18.9545 7.9464 1.36158
--> 33: 0.0196331 -0.0196331  64.1565 18.886 7.96657 1.32496
--> 34: 0.0198178 -0.0198178  63.3665 18.9479 8.05046 1.4024
--> 35: 0.0335544 -0.0335544  60.7743 19.4006 2.70475 5.89455
--> 36: 0.0335544 -0.0335544  60.4053 19.3455 2.67915 5.89443
--> 37: 0.0335544 -0.0335544  60.3997 19.266 2.59672 5.93693
--> 38: 0.0335544 -0.0335544  52.9321 2.83178 15.722 2.16557
--> 39: 0.0335544 -0.0335544  52.7606 2.74873 15.8283 2.176
--> 40: 0.0335544 -0.0335544  52.8716 2.69389 15.9516 2.13493
--> 41: 0.0335544 -0.0335544  73.1435 6.30715 18.0068 0.996733
--> 42: 0.0215643 -0.0215643  70.3536 11.5007 4.26984 5.19388
--> 43: 0.00524525 -0.00524525  77.8779 12.5551 10.8963 1.41536
--> 44: 0.00467747 -0.00467747  77.7691 12.3114 11.0124 1.2645
--> 45: 0.00537907 -0.00537907  78.4568 12.5205 10.6725 1.24001
--> 46: 0.0163121 -0.0163121  62.4565 0.697377 1.60307 2.6763
--> 47: 0.0163114 -0.0163114  62.7632 0.694142 1.85607 2.66807
--> 48: 0.0163256 -0.0163256  62.8628 0.527707 1.68765 2.69039
--> 49: 0.0335544 -0.0335544  52.3468 4.49871 19.6892 5.78705
--> 50: 0.0335544 -0.0335544  52.6126 4.3669 19.7732 5.7868
--> 51: 0.0335544 -0.0335544  52.0638 4.47833 19.8475 5.79615
--> 52: 0.0335544 -0.0335544  60.488 19.3965 2.70636 5.87859
--> 53: 0.0335544 -0.0335544  60.9345 19.4306 2.61949 5.8963
--> 54: 0.0335544 -0.0335544  60.7257 19.4278 2.63163 5.89462
--> 55: 0.0335544 -0.0335544  73.1067 6.22395 18.1062 0.989108
--> 56: 0.0335544 -0.0335544  72.7173 6.13921 18.0208 0.986484
--> 57: 0.0335544 -0.0335544  72.9805 6.35769 17.9213 1.02156
--> 58: 0.0256798 -0.0256798  70.6752 11.5741 4.30773 5.16071
--> 59: 0.0215952 -0.0215952  70.2669 11.5647 4.34035 5.20597
--> 60: 0.0215661 -0.0215661  70.3963 11.4311 4.21557 5.20471
--> 61: 0.0164965 -0.0164965  57.6168 12.8047 7.50808 3.21665
--> 62: 0.0335544 -0.0335544  85.3668 0.525213 16.4511 4.87486
--> 63: 0.00626667 -0.00626667  78.8495 12.4471 10.4984 1.3412
--> 64: 0.00510283 -0.00510283  78.2938 12.1808 10.6529 1.29729
--> 65: 0.00354361 -0.00354361  78.2609 12.2552 11.3241 1.33132
--> 66: 0.0163755 -0.0163755  62.1864 0.520672 1.7749 2.57067
--> 67: 0.0163123 -0.0163123  62.7117 0.785351 1.81625 2.65483
--> 68: 0.0163749 -0.0163749  63.2364 0.738352 1.8035 2.63634
--> 69: 0.0215824 -0.0215824  70.0548 11.4893 4.24886 5.16947
--> 70: 0.02179 -0.02179  70.7391 11.441 4.2035 5.17523
--> 71: 0.0214901 -0.0214901  70.2827 11.4752 4.11791 5.16672
--> 72: 0.0335544 -0.0335544  52.3258 4.55551 19.6406 5.81905
--> 73: 0.0335544 -0.0335544  52.3086 4.50848 19.6235 5.76775
--> 74: 0.0335544 -0.0335544  52.3674 4.50691 19.6639 5.76685
--> 75: 0.0165646 -0.0165646  57.3181 12.7833 7.80103 3.26212
--> 76: 0.0162401 -0.0162401  57.0298 12.7048 7.67517 3.2719
--> 77: 0.0167307 -0.0167307  57.1903 12.7027 7.44208 3.1866
--> 78: 0.0335544 -0.0335544  85.6957 0.523935 16.3513 4.89193
--> 79: 0.0335544 -0.0335544  85.1154 0.562308 16.4273 4.86964
--> 80: 0.0335544 -0.0335544  85.3172 0.533833 16.4513 4.83457
--> 81: 0.0335544 -0.0335544  82.2576 2.43107 15.9223 2.22838
--> 82: 0.00271178 -0.00271178  64.1316 15.2164 11.9592 1.08423
--> 83: 0.00379876 -0.00379876  78.2359 11.9492 11.269 1.29104
--> 84: 0.00397695 -0.00397695  78.0812 12.5189 11.1666 1.26801
--> 85: 0.00388361 -0.00388361  78.4004 12.2302 11.2748 1.48061
--> 86: 0.0163365 -0.0163365  62.9039 0.787267 2.02357 2.65519
--> 87: 0.0163497 -0.0163497  62.5953 0.527296 1.89517 2.63215
--> 88: 0.0163511 -0.0163511  62.8343 0.644281 2.08625 2.73301
--> 89: 0.0335544 -0.0335544  52.1921 4.41902 19.6571 5.86653
--> 90: 0.0335544 -0.0335544  52.5532 4.55994 19.5988 5.8208
--> 91: 0.0335544 -0.0335544  52.1007 4.53952 19.5932 5.80454
--> 92: 0.0335544 -0.0335544  85.5365 0.668454 16.3271 4.90278
--> 93: 0.0335544 -0.0335544  85.6962 0.530318 16.406 4.87683
--> 94: 0.0280291 -0.0280291  85.7216 0.50568 16.2274 4.8896
--> 95: 0.0335544 -0.0335544  82.0817 2.28289 15.9846 2.23553
--> 96: 0.0335544 -0.0335544  82.0214 2.43956 15.8656 2.23517
--> 97: 0.0335544 -0.0335544  82.5024 2.42348 15.9713 2.21227
--> 98: 0.00263026 -0.00263026  64.2922 15.295 11.9038 1.04025
--> 99: 0.00300954 -0.00300954  63.7148 15.0207 11.6323 1.13478
--> 100: 0.00245661 -0.00245661  64.3133 15.1713 12.1019 0.98875
--> 1: 0.00656462 -0.00656462  70.1366 19.5545 19.2356 0.846101
--> 2: 0.0011288 -0.0011288  91.0469 12.1884 14.6651 4.92994
--> 3: 0.00490581 -0.00490581  66.0624 16.288 17.8937 3.91077
--> 4: 0.0151549 -0.0151549  70.068 13.6746 19.5866 5.60378
--> 5: 0.00740612 -0.00740612  83.6039 5.26825 8.68714 1.97038
--> 6: 0.00620603 -0.00620603  51.1366 15.2968 12.3083 1.38426
--> 7: 0.0335544 -0.0335544  54.1491 6.45368 14.5368 3.61293
--> 8: 0.0119063 -0.0119063  99.8272 5.98936 16.0828 2.26674
--> 9: 0.0172844 -0.0172844  82.8206 14.7569 9.36467 1.92341
--> 10: 0.0208666 -0.0208666  94.3065 9.3551 3.83191 1.03968
--> 11: 0.00664489 -0.00664489  70.155 19.4715 19.1809 0.829239
--> 12: 0.00665638 -0.00665638  69.7521 19.6345 19.4201 0.79482
--> 13: 0.00612591 -0.00612591  70.8645 19.5068 19.2129 0.78503
--> 14: 0.00116987 -0.00116987  91.001 12.153 14.6958 4.85449
--> 15: 0.00119254 -0.00119254  90.9415 12.0925 14.5972 5.05075
--> 16: 0.00122939 -0.00122939  90.7517 11.9408 14.6199 4.85314
--> 17: 0.00453209 -0.00453209  65.9949 16.5403 17.6394 3.97742
--> 18: 0.00295195 -0.00295195  65.9188 16.4043 17.7475 3.93368
--> 19: 0.00514344 -0.00514344  66.0944 15.8327 17.6628 3.92469
--> 20: 0.0144193 -0.0144193  70.4415 13.5644 19.6974 5.58831
--> 21: 0.0146433 -0.0146433  70.4449 13.6434 19.7623 5.61048
--> 22: 0.0153513 -0.0153513  70.1424 13.5933 19.508 5.59423
--> 23: 0.0073701 -0.0073701  83.5448 5.55535 8.30815 2.007
--> 24: 0.00757854 -0.00757854  83.3347 5.36506 8.70347 1.98157
--> 25: 0.00758199 -0.00758199  83.6416 5.10451 8.90047 2.00723
--> 26: 0.00669174 -0.00669174  52.1179 15.3141 12.4458 1.36996
--> 27: 0.00787929 -0.00787929  50.8982 15.1229 11.9335 1.35556
--> 28: 0.00600972 -0.00600972  51.1842 15.2772 12.1709 1.38746
--> 29: 0.0119088 -0.0119088  54.1927 6.41199 14.4987 3.62247
--> 30: 0.0175147 -0.0175147  54.3413 6.56066 14.5996 3.59904
--> 31: 0.0246597 -0.0246597  54.161 6.34054 14.6921 3.60736
--> 32: 0.0133602 -0.0133602  99.4514 5.99391 16.21 2.27568
--> 33: 0.0122455 -0.0122455  99.9838 6.00955 16.3537 2.22659
--> 34: 0.0120814 -0.0120814  99.9625 5.91362 16.0723 2.24131
--> 35: 0.0173507 -0.0173507  82.5581 14.8236 9.46756 1.94032
--> 36: 0.0171647 -0.0171647  82.9252 14.6945 9.33142 1.88161
--> 37: 0.0173457 -0.0173457  83.0291 14.7964 9.44765 1.96052
--> 38: 0.0209405 -0.0209405  94.7595 9.34497 3.88472 1.00142
--> 39: 0.020809 -0.020809  94.7233 9.42095 3.94587 1.03766
--> 40: 0.0209484 -0.0209484  94.3713 9.46629 3.92614 0.969708
--> 41: 0.00584035 -0.00584035  70.5228 19.3748 19.1661 0.836755
--> 42: 0.00641369 -0.00641369  71.233 19.7317 19.2565 0.765216
--> 43: 0.00716285 -0.00716285  70.165 19.7727 19.3687 0.722117
--> 44: 0.00110409 -0.00110409  90.8257 12.1942 14.7564 4.87291
--> 45: 0.011867 -0.011867  91.2005 12.2372 14.8826 4.86889
--> 46: 0.00111277 -0.00111277  90.652 12.2573 14.6142 4.84786
--> 47: 0.0032344 -0.0032344  65.5791 16.3317 17.647 3.9202
--> 48: 0.00335489 -0.00335489  65.5164 16.657 17.825 3.90111
--> 49: 0.00412358 -0.00412358  66.3064 16.2173 17.7053 3.97479
--> 50: 0.0123763 -0.0123763  70.9141 13.5287 19.8094 5.60218
--> 51: 0.0131766 -0.0131766  70.6125 13.5057 19.5998 5.56898
--> 52: 0.0112382 -0.0112382  69.9315 13.6653 19.8519 5.58123
--> 53: 0.0073108 -0.0073108  83.2977 5.50387 8.43 1.99638
--> 54: 0.00722914 -0.00722914  83.4357 5.50248 8.30428 1.9838
--> 55: 0.0076504 -0.0076504  84.0219 5.63633 8.26974 2.01322
--> 56: 0.00799542 -0.00799542  50.7122 15.3881 12.239 1.42961
--> 57: 0.00553141 -0.00553141  51.1428 15.5064 12.0295 1.3496
--> 58: 0.00545824 -0.00545824  51.2693 15.3566 12.0992 1.32887
--> 59: 0.00991861 -0.00991861  54.3871 6.39006 14.4977 3.59551
--> 60: 0.0335544 -0.0335544  54.7427 6.50466 14.6013 3.68008
--> 61: 0.0335544 -0.0335544  54.3689 6.50874 14.5293 3.60694
--> 62: 0.0131105 -0.0131105  99.6433 5.90398 16.1815 2.23923
--> 63: 0.0118245 -0.0118245  99.8216 6.02021 16.1448 2.29887
--> 64: 0.0126463 -0.0126463  99.7265 6.01182 16.2992 2.32335
--> 65: 0.0172538 -0.0172538  82.8674 14.6919 9.52456 1.92199
--> 66: 0.0172639 -0.0172639  83.2118 14.6337 9.38168 1.9152
--> 67: 0.0173753 -0.0173753  83.2101 14.762 9.48647 1.9392
--> 68: 0.0210137 -0.0210137  94.8332 9.48226 3.94467 1.00093
--> 69: 0.021082 -0.021082  94.7452 9.4983 3.93781 1.02439
--> 70: 0.0209588 -0.0209588  94.7523 9.43131 3.93441 0.987733
--> 71: 0.00179832 -0.00179832  64.5326 16.4708 12.92 6.1233
--> 72: 0.00113176 -0.00113176  90.9681 12.1534 15.0043 4.82756
--> 73: 0.0011399 -0.0011399  91.1949 12.1738 14.7544 4.90374
--> 74: 0.0012958 -0.0012958  90.3956 11.9265 14.3364 4.87171
--> 75: 0.00743965 -0.00743965  83.693 5.52665 8.41728 1.97632
--> 76: 0.00755485 -0.00755485  83.378 5.49476 8.3421 1.9595
--> 77: 0.00746172 -0.00746172  83.7192 5.50534 8.33468 2.00618
--> 78: 0.00192904 -0.00192904  64.4766 16.675 12.7142 6.02238
--> 79: 0.00179299 -0.00179299  65.1721 16.6509 12.9166 6.16558
--> 80: 0.00167886 -0.00167886  64.8511 16.6204 13.1085 6.12472
--> 81: 0.00241672 -0.00241672  71.7374 13.6001 16.1179 4.73204
--> 82: 0.00912752 -0.00912752  78.6569 17.6547 11.2757 1.50041
--> 83: 0.00139632 -0.00139632  92.2417 11.9287 14.8224 4.8308
--> 84: 0.00139356 -0.00139356  90.6109 11.9881 14.6235 4.94036
--> 85: 0.00129145 -0.00129145  91.4406 12.421 14.7106 4.76082
--> 86: 0.00207469 -0.00207469  64.6612 16.9111 13.0518 6.07604
--> 87: 0.00220432 -0.00220432  64.2301 16.3802 13.0682 6.09678
--> 88: 0.00207416 -0.00207416  65.0456 16.4866 13.0662 6.13433
--> 89: 0.00807869 -0.00807869  83.2374 5.53207 8.32321 2.00466
--> 90: 0.00795278 -0.00795278  83.7468 5.67735 8.29182 1.98285
--> 91: 0.00796562 -0.00796562  83.719 5.54211 8.36444 1.94202
--> 92: 0.00341049 -0.00341049  72.0521 13.5952 16.1435 4.68339
--> 93: 0.00270992 -0.00270992  72.2957 13.7317 15.9094 4.79542
--> 94: 0.00204742 -0.00204742  71.8923 13.9322 16.1035 4.80737
--> 95: 0.00956389 -0.00956389  78.8923 17.6912 11.2761 1.47348
--> 96: 0.0089803 -0.0089803  78.9368 17.6819 11.3685 1.49493
--> 97: 0.00879338 -0.00879338  78.7245 17.6385 11.3103 1.50581
--> 98: 0.0335544 -0.0335544  85.0569 18.5127 5.66947 5.34796
--> 99: 0.00207757 -0.00207757  65.4628 19.3597 15.6382 0.985015
--> 100: 0.00121313 -0.00121313  91.2224 12.102 14.4714 4.79731
--> 1: 0.0186282 -0.0186282  86.8242 7.06022 18.1827 2.62482
--> 2: 0.010682 -0.010682  68.3387 17.5277 10.0977 2.73526
--> 3: 0.016674 -0.016674  58.2045 3.47804 2.63371 3.78724
--> 4: 0.0335544 -0.0335544  80.2155 0.934695 19.1026 5.64573
--> 5: 0.018085 -0.018085  81.6101 16.9014 7.39902 6.15233
--> 6: 0.0224586 -0.0224586  64.7761 4.91176 12.6246 2.40713
--> 7: 0.0138464 -0.0138464  72.2725 4.1002 4.19295 2.31347
--> 8: 0.0300635 -0.0300635  70.7349 19.7723 6.99542 3.40115
--> 9: 0.0169338 -0.0169338  68.0992 11.7307 7.05815 2.77522
--> 10: 0.0021516 -0.0021516  91.7673 17.437 16.178 2.35361
--> 11: 0.0184048 -0.0184048  86.9754 7.0142 18.0587 2.62998
--> 12: 0.0193284 -0.0193284  86.6031 7.01618 18.2318 2.62862
--> 13: 0.0187085 -0.0187085  86.8052 7.09719 18.2073 2.65552
--> 14: 0.011127 -0.011127  68.3144 17.573 10.0551 2.82736
--> 15: 0.0143617 -0.0143617  68.5137 17.4671 9.69265 2.69815
--> 16: 0.0133667 -0.0133667  68.872 17.6277 10.0064 2.76526
--> 17: 0.016611 -0.016611  58.306 3.52669 2.77518 3.7495
--> 18: 0.0167384 -0.0167384  58.3139 3.58576 2.62299 3.72986
--> 19: 0.0222648 -0.0222648  57.2453 3.30843 2.62569 3.79353
--> 20: 0.0335544 -0.0335544  80.5852 0.889233 19.0794 5.69017
--> 21: 0.0335544 -0.0335544  80.1561 0.97669 19.1905 5.65142
--> 22: 0.0335544 -0.0335544  80.1252 0.926987 19.0266 5.64531
--> 23: 0.0199081 -0.0199081  81.59 16.9306 7.50346 6.15179
--> 24: 0.0219009 -0.0219009  81.3713 17.0168 7.25002 6.24961
--> 25: 0.0203389 -0.0203389  82.1008 16.966 7.32036 6.1272
--> 26: 0.0227033 -0.0227033  64.5883 4.82706 12.5849 2.40216
--> 27: 0.0225846 -0.0225846  64.8819 4.79889 12.6414 2.41781
--> 28: 0.0225155 -0.0225155  64.3686 5.07131 12.645 2.4178
--> 29: 0.0141329 -0.0141329  72.2057 4.19939 4.00632 2.28821
--> 30: 0.0128808 -0.0128808  72.0001 3.83434 4.37195 2.28786
--> 31: 0.0134536 -0.0134536  72.3007 4.09494 4.24426 2.30765
--> 32: 0.0335544 -0.0335544  70.7524 19.6319 6.86489 3.38341
--> 33: 0.011432 -0.011432  70.8835 19.7944 6.91644 3.43004
--> 34: 0.0113534 -0.0113534  70.8552 19.7885 6.79423 3.40706
--> 35: 0.0168464 -0.0168464  68.4071 11.6184 7.20267 2.74039
--> 36: 0.0169274 -0.0169274  68.4509 11.6473 7.19843 2.78512
--> 37: 0.0169727 -0.0169727  68.0891 11.6095 6.96201 2.8185
--> 38: 0.00223751 -0.00223751  92.7167 17.6263 16.276 2.22
--> 39: 0.00211669 -0.00211669  91.8612 17.3314 16.2948 2.30838
--> 40: 0.002056 -0.002056  92.2091 17.3875 16.2211 2.32397
--> 41: 0.0193996 -0.0193996  86.4338 6.95757 18.057 2.63785
--> 42: 0.0184952 -0.0184952  86.8026 7.09252 18.0879 2.60173
--> 43: 0.019356 -0.019356  86.6905 6.95488 18.0891 2.68842
--> 44: 0.00962225 -0.00962225  68.42 17.2649 10.2296 2.79291
--> 45: 0.0121131 -0.0121131  67.9531 17.1862 10.1637 2.72043
--> 46: 0.00877661 -0.00877661  68.2085 17.6315 10.4187 2.81071
--> 47: 0.0166654 -0.0166654  58.0509 3.56931 2.60413 3.77083
--> 48: 0.0165076 -0.0165076  58.0697 3.46276 2.87105 3.72674
--> 49: 0.0165567 -0.0165567  58.0166 3.43477 2.78307 3.69588
--> 50: 0.0335544 -0.0335544  80.5952 0.988479 19.1195 5.726
--> 51: 0.0335544 -0.0335544  80.728 0.874108 19.0505 5.68531
--> 52: 0.0335544 -0.0335544  80.5751 0.994895 19.176 5.65932
--> 53: 0.0238135 -0.0238135  80.9435 17.0118 7.39799 6.14116
--> 54: 0.0212528 -0.0212528  82.1849 17.0276 7.41895 6.17759
--> 55: 0.014985 -0.014985  81.9181 17.004 7.35471 6.12783
--> 56: 0.0222106 -0.0222106  65.2189 4.69993 12.6175 2.46582
--> 57: 0.0226669 -0.0226669  64.5452 5.00837 12.7574 2.43486
--> 58: 0.0224648 -0.0224648  64.6612 4.881 12.5461 2.39525
--> 59: 0.0131364 -0.0131364  72.3565 3.94647 4.35445 2.30307
--> 60: 0.0134401 -0.0134401  71.7501 4.0141 4.33643 2.28009
--> 61: 0.0129612 -0.0129612  71.5137 3.6346 4.35619 2.3188
--> 62: 0.0167447 -0.0167447  71.4234 19.6169 6.84933 3.45253
--> 63: 0.0335544 -0.0335544  70.626 19.6521 6.83026 3.34984
--> 64: 0.0335544 -0.0335544  71.1402 19.8928 7.01513 3.43327
--> 65: 0.0169486 -0.0169486  68.4356 11.6237 7.14741 2.68316
--> 66: 0.0168046 -0.0168046  69.1774 11.6492 7.31231 2.77058
--> 67: 0.0168813 -0.0168813  68.3597 11.6311 7.16508 2.75363
--> 68: 0.0019997 -0.0019997  92.1246 17.3473 16.1957 2.33403
--> 69: 0.0020634 -0.0020634  93.0092 17.2983 16.2818 2.36289
--> 70: 0.00188106 -0.00188106  92.0779 17.1997 16.0797 2.37481
--> 71: 0.0335544 -0.0335544  72.1867 18.6942 3.23855 5.91075
--> 72: 0.00180312 -0.00180312  91.2244 16.857 16.0863 2.38404
--> 73: 0.00212663 -0.00212663  92.7138 17.4661 16.3768 2.337
--> 74: 0.00207675 -0.00207675  92.961 17.2879 16.3065 2.32074
--> 75: 0.0136271 -0.0136271  72.0425 3.82927 4.13834 2.26138
--> 76: 0.0132535 -0.0132535  71.5044 3.88883 4.43725 2.30354
--> 77: 0.0130179 -0.0130179  72.1205 3.96138 4.48709 2.29153
--> 78: 0.0335544 -0.0335544  72.059 18.8147 3.23323 5.91533
--> 79: 0.0335544 -0.0335544  72.4424 18.5645 3.26076 5.88486
--> 80: 0.0335544 -0.0335544  72.2393 18.727 3.22624 5.9314
--> 81: 0.00159529 -0.00159529  84.7023 15.3046 17.6218 4.04838
--> 82: 0.0185381 -0.0185381  52.6615 4.34245 3.10773 3.63998
--> 83: 0.00184322 -0.00184322  91.6456 16.8748 16.2555 2.30279
--> 84: 0.00189694 -0.00189694  91.7847 17.044 15.8704 2.3318
--> 85: 0.00174315 -0.00174315  91.5208 16.7207 16.0569 2.45829
--> 86: 0.0134838 -0.0134838  71.9898 3.70439 4.28682 2.25406
--> 87: 0.0127858 -0.0127858  71.5193 3.76462 4.53137 2.31839
--> 88: 0.0131849 -0.0131849  71.6871 3.79069 4.40589 2.35574
--> 89: 0.0335544 -0.0335544  71.764 18.9359 3.21101 5.90783
--> 90: 0.0335544 -0.0335544  71.8513 18.8809 3.22379 5.85798
--> 91: 0.0335544 -0.0335544  72.0016 18.8134 3.19772 5.89333
--> 92: 0.00144726 -0.00144726  84.431 14.8334 17.4351 4.05771
--> 93: 0.00154218 -0.00154218  84.449 15.0829 17.5637 4.07459
--> 94: 0.00161577 -0.00161577  85.2945 15.4068 17.624 4.01051
--> 95: 0.0187973 -0.0187973  51.9057 4.01521 3.17915 3.70379
--> 96: 0.0187612 -0.0187612  52.6223 4.40187 2.85843 3.66818
--> 97: 0.0184533 -0.0184533  52.838 4.10874 3.14877 3.63926
--> 98: 0.0162913 -0.0162913  58.5364 11.0894 6.53111 3.35468
--> 99: 0.0335544 -0.0335544  66.0269 15.4662 3.27271 1.2767
--> 100: 0.00149445 -0.00149445  84.7868 15.1526 17.6601 4.0842
--> 1: 0.0224519 -0.0224519  56.2018 1.9322 8.1983 4.38495
--> 2: 0.0136273 -0.0136273  74.6181 10.5487 17.2242 0.713756
--> 3: 0.00233224 -0.00233224  90.4755 10.9756 17.2601 5.57089
--> 4: 0.0335544 -0.0335544  79.6272 19.7505 6.55108 3.26427
--> 5: 0.00424193 -0.00424193  96.5296 19.486 16.6416 3.87506
--> 6: 0.0165072 -0.0165072  77.5006 3.54207 2.84597 4.80806
--> 7: 0.0169265 -0.0169265  90.4917 7.3727 4.41581 3.97881
--> 8: 0.0201184 -0.0201184  75.7327 2.59156 11.2853 4.76718
--> 9: 0.00362385 -0.00362385  94.0945 16.154 19.4274 4.47888
--> 10: 0.0175277 -0.0175277  66.2961 11.8561 17.511 0.583318
--> 11: 0.0226604 -0.0226604  56.5306 1.8885 8.32509 4.40877
--> 12: 0.0224108 -0.0224108  56.3509 1.6809 8.27013 4.38325
--> 13: 0.0223948 -0.0223948  55.8527 1.82998 8.24433 4.38175
--> 14: 0.0158407 -0.0158407  74.615 10.3933 17.2556 0.778303
--> 15: 0.010676 -0.010676  75.0613 10.7086 16.9878 0.735054
--> 16: 0.0148826 -0.0148826  74.5629 10.4785 17.1442 0.669762
--> 17: 0.00291937 -0.00291937  90.0539 10.92 17.3209 5.53155
--> 18: 0.00320001 -0.00320001  90.0624 10.5956 17.1289 5.61807
--> 19: 0.00231545 -0.00231545  91.0113 11.1532 17.4198 5.55533
--> 20: 0.0148697 -0.0148697  79.5756 19.7991 6.52166 3.29442
--> 21: 0.0335544 -0.0335544  79.7192 19.8093 6.6075 3.26288
--> 22: 0.0142461 -0.0142461  80.0156 19.7207 6.50368 3.28898
--> 23: 0.00466593 -0.00466593  96.6493 19.5817 16.7553 3.89638
--> 24: 0.00422389 -0.00422389  96.8589 19.4237 16.5346 3.86528
--> 25: 0.00422197 -0.00422197  96.4852 19.5073 16.501 3.95087
--> 26: 0.0161559 -0.0161559  77.4596 3.28995 2.80808 4.8439
--> 27: 0.0160123 -0.0160123  77.8995 3.37966 3.01953 4.81401
--> 28: 0.0164863 -0.0164863  77.2932 3.60835 2.85916 4.83598
--> 29: 0.0168481 -0.0168481  90.4201 7.29812 4.39213 3.92774
--> 30: 0.0168574 -0.0168574  90.8704 7.23048 4.3902 4.00671
--> 31: 145.386 -145.386  90.4782 7.2514 4.37267 4.03078
--> 32: 0.0198354 -0.0198354  75.5697 2.69174 11.2086 4.83427
--> 33: 0.0212374 -0.0212374  74.8296 2.51105 11.2666 4.6872
--> 34: 0.021009 -0.021009  75.1815 2.53102 11.4637 4.80426
--> 35: 0.0035303 -0.0035303  94.3905 16.0834 18.9972 4.50586
--> 36: 0.00395212 -0.00395212  93.9425 16.365 19.3717 4.43767
--> 37: 0.00434914 -0.00434914  93.9878 15.9286 19.4351 4.56538
--> 38: 0.0171435 -0.0171435  66.239 11.7467 17.5811 0.56672
--> 39: 0.0177447 -0.0177447  66.6074 11.7207 17.4571 0.554054
--> 40: 0.0177936 -0.0177936  66.4001 11.9884 17.4788 0.614106
--> 41: 0.0225108 -0.0225108  55.5122 1.96721 8.33829 4.39624
--> 42: 0.0223451 -0.0223451  55.7234 1.82751 8.2495 4.3701
--> 43: 0.022305 -0.022305  55.8913 1.78574 8.07809 4.36016
--> 44: 0.00899487 -0.00899487  75.3411 10.7577 17.0208 0.75297
--> 45: 0.0087709 -0.0087709  74.9907 10.972 16.9336 0.648051
--> 46: 0.00936813 -0.00936813  75.0984 10.8798 17.0883 0.69659
--> 47: 0.00246787 -0.00246787  90.8676 10.952 17.5641 5.51249
--> 48: 0.00200835 -0.00200835  91.2751 11.3668 17.4216 5.46485
--> 49: 0.00257374 -0.00257374  89.9958 11.1275 17.4756 5.59628
--> 50: 0.0281012 -0.0281012  79.712 19.6792 6.61327 3.25905
--> 51: 0.0335544 -0.0335544  80.1677 19.5826 6.62125 3.30286
--> 52: 0.00923616 -0.00923616  80.0801 19.5413 6.41707 3.26186
--> 53: 0.00449157 -0.00449157  96.3143 19.6782 16.493 4.02487
--> 54: 0.00462128 -0.00462128  96.6861 19.6247 16.6524 3.89729
--> 55: 0.00436269 -0.00436269  96.3938 19.6135 16.4406 3.89848
--> 56: 0.0160911 -0.0160911  77.9424 3.4151 2.99377 4.82607
--> 57: 0.016221 -0.016221  77.7712 3.51043 3.00233 4.79334
--> 58: 0.0161902 -0.0161902  77.8763 3.3062 2.89383 4.84268
--> 59: 0.0166954 -0.0166954  90.3285 7.22269 4.42407 3.91874
--> 60: 0.0171092 -0.0171092  90.3461 7.43733 4.32317 3.91824
--> 61: 0.0169052 -0.0169052  90.5813 7.24858 4.33804 3.93094
--> 62: 0.0202621 -0.0202621  75.4102 2.6087 11.2513 4.82548
--> 63: 0.0197829 -0.0197829  75.781 2.71961 11.2773 4.79047
--> 64: 0.0201608 -0.0201608  75.2697 2.71937 11.2845 4.85617
--> 65: 0.00311969 -0.00311969  93.8312 15.9126 18.9945 4.48547
--> 66: 0.00307187 -0.00307187  94.3351 15.719 19.1637 4.49207
--> 67: 0.00305489 -0.00305489  94.4966 16.1767 18.8121 4.42288
--> 68: 0.0174057 -0.0174057  66.3429 11.8303 17.6278 0.57115
--> 69: 0.0168232 -0.0168232  65.8225 11.7199 17.4859 0.522694
--> 70: 0.0171602 -0.0171602  66.2956 11.6953 17.8153 0.509836
--> 71: 0.0172854 -0.0172854  69.6205 4.5032 10.8582 1.61365
--> 72: 0.0090303 -0.0090303  99.776 19.7145 19.1509 2.62396
--> 73: 0.00208641 -0.00208641  91.3045 11.1673 17.4675 5.4738
--> 74: 0.00147548 -0.00147548  91.7102 11.6744 17.0197 5.40912
--> 75: 0.00170483 -0.00170483  91.5354 11.3998 17.202 5.4198
--> 76: 0.00873899 -0.00873899  74.5714 11.0292 16.7506 0.72832
--> 77: 0.00672191 -0.00672191  75.3547 11.0045 16.7285 0.61973
--> 78: 0.00812875 -0.00812875  74.9753 11.0241 16.9119 0.725034
--> 79: 0.0254838 -0.0254838  80.2228 19.5859 6.37479 3.21776
--> 80: 0.0169629 -0.0169629  79.7278 19.3708 6.6812 3.21671
--> 81: 0.0335544 -0.0335544  80.0816 19.457 6.31651 3.30291
--> 82: 0.0152556 -0.0152556  78.1921 3.37813 3.07393 4.867
--> 83: 0.0155626 -0.0155626  78.1005 3.45729 3.02981 4.84437
--> 84: 0.0151589 -0.0151589  78.0726 3.46537 3.13486 4.7959
--> 85: 0.0170894 -0.0170894  69.7526 4.54957 10.8086 1.6004
--> 86: 0.0171525 -0.0171525  69.6289 4.54447 10.824 1.62464
--> 87: 0.017786 -0.017786  70.0337 4.6499 10.8756 1.59985
--> 88: 0.0092681 -0.0092681  99.6718 19.5311 19.2211 2.63374
--> 89: 0.00902536 -0.00902536  99.7473 19.583 19.1318 2.55978
--> 90: 0.00902746 -0.00902746  99.9903 19.8025 18.9691 2.61597
--> 91: 0.0237955 -0.0237955  95.5376 19.3894 7.66677 1.62139
--> 92: 0.0131318 -0.0131318  95.0107 8.47651 19.9118 3.63626
--> 93: 0.00152174 -0.00152174  91.9283 11.825 17.3813 5.44163
--> 94: 0.00161479 -0.00161479  91.8892 11.3201 17.0779 5.34433
--> 95: 0.00143935 -0.00143935  91.5799 11.5836 16.8386 5.45933
--> 96: 0.00700893 -0.00700893  75.0508 10.9237 16.472 0.650929
--> 97: 0.0056408 -0.0056408  75.8969 10.9631 16.7016 0.631205
--> 98: 0.00552869 -0.00552869  75.8984 11.0502 16.7953 0.592116
--> 99: 0.00980312 -0.00980312  99.7145 19.5655 19.0532 2.47246
--> 100: 0.00813488 -0.00813488  99.496 19.7666 18.7768 2.55982
--> 1: 0.0207377 -0.0207377  63.3807 8.82321 15.4875 2.23998
--> 2: 0.00286891 -0.00286891  70.392 12.6752 13.5113 0.644828
--> 3: 0.0185084 -0.0185084  82.7612 0.827327 9.22053 5.40066
--> 4: 0.0133476 -0.0133476  52.868 17.8479 19.8649 0.033519
--> 5: 0.0335544 -0.0335544  56.8719 13.1069 2.31312 5.90115
--> 6: 0.0173313 -0.0173313  70.644 17.2939 8.77257 4.63591
--> 7: 0.011296 -0.011296  63.9809 15.1914 19.999 4.89029
--> 8: 0.00195941 -0.00195941  68.6057 16.7135 16.1847 6.09774
--> 9: 0.00572264 -0.00572264  55.4166 18.1908 18.7057 2.59011
--> 10: 0.00498591 -0.00498591  74.553 17.0989 19.7527 3.9364
--> 11: 0.0208352 -0.0208352  63.2402 8.90139 15.4845 2.22695
--> 12: 0.0203167 -0.0203167  63.7127 8.76351 15.4262 2.25827
--> 13: 0.0200996 -0.0200996  63.5649 8.92136 15.3755 2.17222
--> 14: 0.00276699 -0.00276699  70.4206 13.1661 13.8327 0.5005
--> 15: 0.00253825 -0.00253825  70.7289 13.0924 13.816 0.680582
--> 16: 0.0029238 -0.0029238  70.584 12.7546 13.5457 0.57664
--> 17: 0.0187089 -0.0187089  82.3519 0.956328 9.30643 5.44768
--> 18: 0.0188183 -0.0188183  82.246 0.704405 8.98221 5.48804
--> 19: 0.0181896 -0.0181896  82.9943 0.848794 9.15663 5.36856
--> 20: 0.0129584 -0.0129584  52.8715 17.8863 19.7682 0.0421764
--> 21: 0.0143002 -0.0143002  52.8399 17.8278 19.9659 0.0629617
--> 22: 0.0151987 -0.0151987  53.0607 17.6843 19.963 0.0350328
--> 23: 0.0335544 -0.0335544  56.9169 12.9721 2.2733 5.9105
--> 24: 0.00652871 -0.00652871  56.759 13.1413 2.31093 5.93677
--> 25: 0.0228648 -0.0228648  56.7857 13.158 2.30053 5.90617
--> 26: 0.0181366 -0.0181366  70.7004 17.4165 8.62114 4.61268
--> 27: 0.0172194 -0.0172194  70.6782 17.103 8.79928 4.61927
--> 28: 0.0177746 -0.0177746  71.0349 17.232 8.75836 4.63502
--> 29: 0.0126074 -0.0126074  63.7533 15.054 19.9 4.92092
--> 30: 0.0122112 -0.0122112  63.7701 15.0091 19.7678 4.853
--> 31: 0.0137833 -0.0137833  64.4822 15.3566 19.8967 4.92787
--> 32: 0.00180649 -0.00180649  68.8023 16.716 16.1391 6.04017
--> 33: 0.00197383 -0.00197383  68.551 17.0062 16.1757 6.22426
--> 34: 0.00189857 -0.00189857  67.2947 16.8155 15.8813 6.11722
--> 35: 0.00373188 -0.00373188  55.9727 18.2259 18.3783 2.55997
--> 36: 0.0140679 -0.0140679  55.86 18.4039 18.6885 2.58807
--> 37: 0.00526506 -0.00526506  55.5178 18.0875 18.6672 2.56441
--> 38: 0.00389905 -0.00389905  74.6271 16.9972 19.4374 3.85165
--> 39: 0.00456681 -0.00456681  74.1233 17.0412 19.6696 3.98473
--> 40: 0.00453283 -0.00453283  74.5939 17.0664 19.7581 3.94655
--> 41: 0.0201136 -0.0201136  63.334 8.92712 15.2788 2.15561
--> 42: 0.0205689 -0.0205689  63.2957 8.79953 15.3596 2.19657
--> 43: 0.019472 -0.019472  63.8615 8.93446 15.3382 2.18182
--> 44: 0.00188322 -0.00188322  71.4908 13.0169 13.7919 0.697218
--> 45: 0.00334631 -0.00334631  70.1651 12.9435 14.3569 0.72893
--> 46: 0.00239641 -0.00239641  70.5285 13.0755 13.4702 0.725344
--> 47: 0.018453 -0.018453  82.7525 0.865172 9.22273 5.38033
--> 48: 0.0181706 -0.0181706  82.6629 0.820068 8.95314 5.32593
--> 49: 0.017398 -0.017398  83.2918 1.00286 9.06395 5.35588
--> 50: 0.0119619 -0.0119619  52.9678 17.9535 19.8097 0.0617229
--> 51: 0.0170136 -0.0170136  52.3576 17.8732 19.5846 0.0111612
--> 52: 0.012162 -0.012162  53.1449 18.0215 19.7216 0.0347366
--> 53: 0.0285303 -0.0285303  57.6935 13.1959 2.29648 5.89753
--> 54: 0.0335544 -0.0335544  56.8375 13.2011 2.39664 6.04058
--> 55: 0.013307 -0.013307  56.4117 13.2008 2.23521 5.88595
--> 56: 0.0171885 -0.0171885  70.3237 17.185 8.69555 4.5645
--> 57: 0.0171318 -0.0171318  71.0095 17.2465 8.92518 4.65174
--> 58: 0.0170342 -0.0170342  70.5615 16.9895 8.78482 4.58374
--> 59: 0.0121659 -0.0121659  63.7251 15.237 19.9842 4.89971
--> 60: 0.0174819 -0.0174819  64.0633 15.1761 19.9799 4.94436
--> 61: 0.0132058 -0.0132058  63.5077 15.1529 19.9213 4.86694
--> 62: 0.00219465 -0.00219465  68.188 16.5756 15.9842 6.02588
--> 63: 0.00171801 -0.00171801  69.7742 16.8995 16.0837 6.07101
--> 64: 0.00197055 -0.00197055  69.1152 16.7009 15.7428 6.02437
--> 65: 0.00582652 -0.00582652  56.3911 18.0497 18.466 2.54179
--> 66: 0.0056521 -0.0056521  56.393 18.4339 18.5628 2.53744
--> 67: 0.00670856 -0.00670856  56.2055 18.0207 18.5552 2.53969
--> 68: 0.00425586 -0.00425586  74.2189 17.1078 19.4277 3.81277
--> 69: 0.00430967 -0.00430967  74.5022 17.1429 19.4624 3.78092
--> 70: 0.00430756 -0.00430756  74.6302 17.1075 19.5208 3.78901
--> 71: 0.0335544 -0.0335544  57.2533 12.8607 0.657151 0.277875
--> 72: 0.00356235 -0.00356235  80.1976 10.1151 13.7699 2.23636
--> 73: 0.00210029 -0.00210029  69.2331 16.965 16.1686 6.07628
--> 74: 0.00175812 -0.00175812  69.7549 16.9249 16.0316 6.09001
--> 75: 0.00198252 -0.00198252  69.4462 16.6317 16.1884 6.04192
--> 76: 0.00216309 -0.00216309  72.0614 13.0872 13.5422 0.678794
--> 77: 0.00197085 -0.00197085  72.4425 13.109 13.7877 0.566938
--> 78: 0.00178042 -0.00178042  71.4636 13.2814 13.8963 0.568741
--> 79: 0.0302637 -0.0302637  57.1699 13.1797 2.57878 5.97531
--> 80: 0.0114801 -0.0114801  57.3634 13.0883 2.40043 5.89296
--> 81: 0.0229419 -0.0229419  56.3267 13.0747 2.61455 5.91652
--> 82: 0.0170708 -0.0170708  83.4916 1.18873 9.11033 5.39374
--> 83: 0.0174659 -0.0174659  82.9716 1.08814 9.04454 5.32302
--> 84: 0.0171051 -0.0171051  83.5436 1.04593 8.98241 5.33241
--> 85: 0.0335544 -0.0335544  57.122 12.694 0.662146 0.291662
--> 86: 0.0335544 -0.0335544  57.0076 12.8472 0.635543 0.272887
--> 87: 0.0335544 -0.0335544  57.2805 12.8892 0.565286 0.325209
--> 88: 0.00304908 -0.00304908  80.4086 10.2661 13.6393 2.25391
--> 89: 0.00289304 -0.00289304  79.9541 10.0453 13.8821 2.3113
--> 90: 0.00342114 -0.00342114  80.5856 10.0674 14.1248 2.28218
--> 91: 0.0168645 -0.0168645  86.2515 7.27214 5.3502 2.38413
--> 92: 0.0335544 -0.0335544  64.8293 4.35728 16.6977 5.25712
--> 93: 0.00185043 -0.00185043  69.3924 16.9646 16.0352 6.17488
--> 94: 0.0017764 -0.0017764  69.4186 16.7945 15.9457 6.0532
--> 95: 0.00194529 -0.00194529  70.2623 17.0709 15.8532 6.06388
--> 96: 0.00256292 -0.00256292  70.3763 13.1873 14.0302 0.565269
--> 97: 0.00144751 -0.00144751  71.5417 13.9134 13.7762 0.561077
--> 98: 0.00189698 -0.00189698  70.8953 13.4373 13.6736 0.669768
--> 99: 0.0335544 -0.0335544  56.4104 13.3339 2.16799 5.87847
--> 100: 0.0071123 -0.0071123  56.7642 13.064 2.30312 5.8664
--> 1: 0.0153334 -0.0153334  51.7999 13.5748 15.2559 1.47244
--> 2: 0.0168559 -0.0168559  59.4887 3.51095 4.58112 1.03161
--> 3: 0.0169025 -0.0169025  74.1178 3.21743 0.727385 3.61727
--> 4: 0.0335544 -0.0335544  66.78 17.0777 3.35844 2.75034
--> 5: 0.0335544 -0.0335544  58.019 3.29426 19.6297 2.53388
--> 6: 0.00872866 -0.00872866  71.1941 10.4447 8.53905 0.261617
--> 7: 0.0226803 -0.0226803  50.8349 8.09206 13.3517 5.62035
--> 8: 0.0166752 -0.0166752  86.9498 1.03183 0.609722 6.13082
--> 9: 0.0163178 -0.0163178  70.4778 0.821879 2.02151 2.0541
--> 10: 0.0299007 -0.0299007  70.2044 6.97346 18.8052 2.06514
--> 11: 0.0174233 -0.0174233  51.6155 13.4816 15.3652 1.46623
--> 12: 0.0173201 -0.0173201  52.0821 13.6115 15.4707 1.44722
--> 13: 0.0155591 -0.0155591  51.7829 13.6558 15.3979 1.48814
--> 14: 0.0174207 -0.0174207  51.5097 13.424 15.1186 1.52225
--> 15: 0.0168235 -0.0168235  59.6036 3.49503 4.42257 0.971461
--> 16: 0.0168468 -0.0168468  59.5003 3.09435 4.54824 1.07415
--> 17: 0.0168558 -0.0168558  60.0686 3.63074 4.76061 1.05753
--> 18: 0.0168789 -0.0168789  59.4338 3.33965 4.75384 0.959698
--> 19: 0.0169085 -0.0169085  74.3673 3.28789 0.798586 3.63401
--> 20: 0.0168179 -0.0168179  74.3724 3.25164 0.878745 3.59294
--> 21: 0.0171211 -0.0171211  74.0991 3.14732 0.503995 3.69336
--> 22: 0.0172641 -0.0172641  73.5472 3.2751 0.717114 3.61455
--> 23: 0.0335544 -0.0335544  67.0849 16.8953 3.30947 2.75012
--> 24: 0.0321837 -0.0321837  66.6211 16.973 3.36206 2.75991
--> 25: 0.0335544 -0.0335544  66.9003 17.1773 3.41818 2.78191
--> 26: 0.0335544 -0.0335544  66.6949 17.0818 3.36147 2.70758
--> 27: 0.0335544 -0.0335544  57.8132 3.36584 19.7123 2.51618
--> 28: 0.0335544 -0.0335544  58.0974 3.31942 19.7486 2.51272
--> 29: 0.0335544 -0.0335544  58.1593 3.36386 19.5607 2.55835
--> 30: 0.0335544 -0.0335544  57.9084 3.19047 19.6856 2.56206
--> 31: 0.0100228 -0.0100228  71.8872 10.456 8.45779 0.128562
--> 32: 0.00777726 -0.00777726  70.407 10.4235 8.56363 0.362394
--> 33: 0.00849894 -0.00849894  71.285 10.6957 8.69132 0.36904
--> 34: 0.00885387 -0.00885387  71.4249 10.2318 8.4703 0.411191
--> 35: 0.0164382 -0.0164382  50.475 8.00009 13.3085 5.6149
--> 36: 0.0120796 -0.0120796  50.3698 7.89082 13.4381 5.64985
--> 37: 0.0225026 -0.0225026  50.6728 8.13629 13.2977 5.66365
--> 38: 0.0281316 -0.0281316  50.3134 8.01805 13.3042 5.59406
--> 39: 0.0167158 -0.0167158  86.7563 1.07335 0.687958 6.10208
--> 40: 0.0163573 -0.0163573  87.5289 0.533887 0.807502 6.09715
--> 41: 0.0167267 -0.0167267  87.3111 0.949999 0.687561 6.14738
--> 42: 0.0167223 -0.0167223  86.9389 0.972722 0.605749 6.17047
--> 43: 0.0163809 -0.0163809  70.0549 0.900779 1.83428 2.02899
--> 44: 0.0161776 -0.0161776  70.3524 0.811217 2.07816 2.01349
--> 45: 0.0161522 -0.0161522  70.6383 0.542191 2.10546 1.95604
--> 46: 0.0163003 -0.0163003  70.8017 1.01058 1.87683 2.03574
--> 47: 0.0284109 -0.0284109  70.3126 7.02822 18.7217 2.09173
--> 48: 0.0335544 -0.0335544  70.2352 6.81607 18.7635 2.07595
--> 49: 0.0252496 -0.0252496  70.4386 7.10614 18.7226 2.03125
--> 50: 0.0215103 -0.0215103  70.5049 6.84319 18.73 2.11345
--> 51: 0.0158867 -0.0158867  51.7363 13.4441 15.024 1.49969
--> 52: 0.0170499 -0.0170499  52.0558 13.7645 15.4267 1.59234
--> 53: 0.0162328 -0.0162328  51.8484 13.5334 15.4836 1.49773
--> 54: 0.0174973 -0.0174973  51.3258 13.6208 15.161 1.45144
--> 55: 0.0167974 -0.0167974  59.6993 3.64745 4.40849 1.03037
--> 56: 0.016805 -0.016805  59.8104 3.4659 4.37714 1.05632
--> 57: 0.0167671 -0.0167671  59.8647 3.65288 4.19697 0.95878
--> 58: 0.0168028 -0.0168028  59.907 3.64503 4.37115 0.995026
--> 59: 0.0169015 -0.0169015  74.8468 3.1268 0.768627 3.56628
--> 60: 0.0169361 -0.0169361  74.8281 3.21838 0.817933 3.68802
--> 61: 0.0170052 -0.0170052  74.8483 3.30165 0.824948 3.57326
--> 62: 0.0171503 -0.0171503  73.6124 3.2984 0.797392 3.5431
--> 63: 0.0227256 -0.0227256  66.5041 16.8403 3.39622 2.74324
--> 64: 0.0335544 -0.0335544  66.4877 17.0671 3.47444 2.73824
--> 65: 0.0335544 -0.0335544  66.449 17.072 3.43105 2.77039
--> 66: 0.0335544 -0.0335544  66.2174 16.9351 3.38058 2.75183
--> 67: 0.0335544 -0.0335544  57.8317 3.44568 19.7806 2.50923
--> 68: 0.0335544 -0.0335544  57.9035 3.41818 19.6789 2.53884
--> 69: 0.0335544 -0.0335544  57.9346 3.30688 19.7724 2.47856
--> 70: 0.0335544 -0.0335544  57.9717 3.2906 19.618 2.54035
--> 71: 0.00770728 -0.00770728  69.9365 10.3041 8.82756 0.416789
--> 72: 0.00748193 -0.00748193  71.3087 10.1101 8.79328 0.311655
--> 73: 0.00910875 -0.00910875  71.7234 10.6519 8.6705 0.29367
--> 74: 0.00827195 -0.00827195  70.432 10.5718 8.41823 0.261281
--> 75: 0.0335544 -0.0335544  50.28 7.82795 13.3985 5.53814
--> 76: 0.0212117 -0.0212117  50.5047 8.02005 13.4928 5.66072
--> 77: 0.0232198 -0.0232198  51.0792 7.81851 13.3496 5.7113
--> 78: 0.0180037 -0.0180037  50.3475 7.92538 13.3136 5.5694
--> 79: 0.0165746 -0.0165746  87.679 0.61918 0.724466 6.07658
--> 80: 0.0163019 -0.0163019  88.2421 0.633041 0.946017 6.15832
--> 81: 0.0166299 -0.0166299  87.6844 0.598035 0.630223 6.08961
--> 82: 0.0163974 -0.0163974  87.2804 0.635332 0.855137 6.11379
--> 83: 0.0162913 -0.0162913  70.3574 0.514238 2.1171 1.94027
--> 84: 0.0163323 -0.0163323  70.1818 0.816066 1.91371 1.99238
--> 85: 0.0163886 -0.0163886  70.2319 0.675445 1.86351 2.02961
--> 86: 0.0155782 -0.0155782  71.4004 0.670706 2.18403 1.89807
--> 87: 0.025084 -0.025084  71.0314 6.60657 18.438 2.07767
--> 88: 0.0254952 -0.0254952  70.6926 6.97586 18.7999 2.08381
--> 89: 0.0264825 -0.0264825  70.4852 6.862 18.8162 2.10987
--> 90: 0.0178329 -0.0178329  70.9343 6.84185 18.788 2.18222
--> 91: 0.0126226 -0.0126226  61.1753 10.9515 7.38382 5.93958
--> 92: 0.0174452 -0.0174452  58.2234 12.8433 15.8727 5.42588
--> 93: 0.00805723 -0.00805723  70.8245 10.4778 8.68594 0.445925
--> 94: 0.00685384 -0.00685384  72.1772 9.66686 8.87258 0.434443
--> 95: 0.00816282 -0.00816282  71.3894 10.3053 8.68135 0.28308
--> 96: 0.00703233 -0.00703233  71.422 9.94751 9.01407 0.37181
--> 97: 0.0200126 -0.0200126  50.1352 8.03842 13.617 5.63762
--> 98: 0.0255831 -0.0255831  50.2404 8.01814 13.4434 5.65376
--> 99: 0.0293101 -0.0293101  50.2788 8.08267 13.4647 5.65543
--> 100: 0.0221399 -0.0221399  50.0805 7.99585 13.2765 5.6802
--> 1: 0.0168119 -0.0168119  54.6932 6.3452 7.85117 3.27384
--> 2: 0.025902 -0.025902  66.9221 16.1061 3.52752 3.17193
--> 3: 0.0335544 -0.0335544  56.4332 5.29412 17.8425 4.30695
--> 4: 0.00473341 -0.00473341  53.3684 15.3915 10.792 2.37831
--> 5: 0.00530169 -0.00530169  53.0035 15.1937 10.9108 0.313614
--> 6: 0.0156254 -0.0156254  72.1285 11.1178 17.4784 6.11943
--> 7: 0.0179867 -0.0179867  95.9358 14.0551 8.59796 3.15388
--> 8: 0.0100249 -0.0100249  79.5448 3.24429 5.42846 3.18516
--> 9: 0.0137789 -0.0137789  86.6871 18.2001 11.1714 5.50492
--> 10: 0.00995003 -0.00995003  91.7574 1.33826 5.65318 0.310852
--> 11: 0.016769 -0.016769  55.1657 6.19443 7.83399 3.19457
--> 12: 0.0165667 -0.0165667  54.9517 6.27735 7.49968 3.26642
--> 13: 0.0166482 -0.0166482  54.9499 6.24108 7.64243 3.24372
--> 14: 0.0167304 -0.0167304  54.9112 6.21512 7.72828 3.33273
--> 15: 0.0335544 -0.0335544  67.0594 16.2335 3.51856 3.12975
--> 16: 0.0152884 -0.0152884  66.8582 16.0754 3.68269 3.18188
--> 17: 0.00833489 -0.00833489  67.0148 16.3454 3.55201 3.1784
--> 18: 0.0335544 -0.0335544  66.6462 16.2265 3.45839 3.18481
--> 19: 0.0171764 -0.0171764  56.5565 5.33209 17.6715 4.30263
--> 20: 0.0335544 -0.0335544  56.3551 5.25428 17.8827 4.30439
--> 21: 0.0335544 -0.0335544  56.0714 5.3782 17.8258 4.29679
--> 22: 0.0335544 -0.0335544  56.4957 5.19837 17.8154 4.29786
--> 23: 0.00499067 -0.00499067  53.1042 15.115 10.8172 2.37785
--> 24: 0.00408596 -0.00408596  53.2764 15.5702 11.1513 2.32134
--> 25: 0.0052918 -0.0052918  52.6673 15.8693 10.6583 2.40315
--> 26: 0.00523795 -0.00523795  54.0316 15.0893 10.5963 2.2883
--> 27: 0.00475098 -0.00475098  53.0483 14.9808 11.0488 0.204731
--> 28: 0.00471566 -0.00471566  53.1302 15.0854 10.889 0.248508
--> 29: 0.00451271 -0.00451271  53.5444 15.3848 10.8487 0.279893
--> 30: 0.00465109 -0.00465109  53.3438 15.2871 10.7939 0.302631
--> 31: 0.015167 -0.015167  72.1675 11.1401 17.4156 6.04457
--> 32: 0.015326 -0.015326  72.3071 11.0855 17.5116 6.1142
--> 33: 0.0142145 -0.0142145  71.8197 10.7096 17.351 6.13585
--> 34: 0.0144396 -0.0144396  72.449 11.0524 17.412 6.09974
--> 35: 0.0175642 -0.0175642  96.3329 14.0186 8.58763 3.13317
--> 36: 0.0177794 -0.0177794  95.957 13.8693 8.62846 3.12878
--> 37: 0.016936 -0.016936  96.1372 14.1597 8.95705 3.16144
--> 38: 0.0172721 -0.0172721  96.0849 14.0728 8.69255 3.14643
--> 39: 0.010374 -0.010374  79.9624 3.38768 5.34014 3.2251
--> 40: 0.0110664 -0.0110664  79.9964 3.29274 5.10906 3.2191
--> 41: 0.0101022 -0.0101022  79.5456 3.25554 5.71282 3.12993
--> 42: 0.0102722 -0.0102722  79.292 3.1853 5.62076 3.17254
--> 43: 0.0158265 -0.0158265  86.7663 18.0024 10.8701 5.50746
--> 44: 0.0118893 -0.0118893  87.0232 18.2315 11.4549 5.52644
--> 45: 0.0119482 -0.0119482  86.3165 18.4047 11.3851 5.55843
--> 46: 0.0112243 -0.0112243  86.6432 18.153 11.463 5.46623
--> 47: 0.0110141 -0.0110141  92.3472 1.26377 5.59152 0.346407
--> 48: 0.0111133 -0.0111133  92.228 1.28452 5.71331 0.292704
--> 49: 0.00998429 -0.00998429  91.6076 1.5473 5.68595 0.29049
--> 50: 0.0105313 -0.0105313  91.2558 1.25345 5.52263 0.232396
--> 51: 0.0165958 -0.0165958  54.9024 6.36996 7.61232 3.26492
--> 52: 0.0168256 -0.0168256  55.022 6.30354 7.62656 3.27532
--> 53: 0.0168651 -0.0168651  55.1982 6.24896 7.49235 3.27094
--> 54: 0.0165542 -0.0165542  54.927 6.33245 7.48391 3.27446
--> 55: 0.0335544 -0.0335544  66.4726 16.2995 3.6488 3.17228
--> 56: 0.0183372 -0.0183372  67.142 16.2602 3.56854 3.15628
--> 57: 0.0335544 -0.0335544  67.0117 16.6309 3.36565 3.14438
--> 58: 0.0335544 -0.0335544  67.1474 16.4376 3.48654 3.07788
--> 59: 0.0335544 -0.0335544  56.5565 5.25588 17.7112 4.26053
--> 60: 0.0335544 -0.0335544  56.5009 5.28669 17.5491 4.29074
--> 61: 0.0335544 -0.0335544  56.3793 5.25065 17.5573 4.31387
--> 62: 0.0335544 -0.0335544  56.3921 5.28329 17.7798 4.28731
--> 63: 0.00378683 -0.00378683  53.4675 15.5293 11.3741 2.34605
--> 64: 0.00421556 -0.00421556  53.1665 15.4806 11.098 2.41476
--> 65: 0.00426471 -0.00426471  53.8295 15.2996 11.1928 2.35923
--> 66: 0.00450307 -0.00450307  53.2067 15.5388 10.8302 2.22027
--> 67: 0.00494126 -0.00494126  52.9971 15.2865 11.1009 0.306428
--> 68: 0.00486017 -0.00486017  53.1105 15.3217 10.5939 0.258778
--> 69: 0.00401175 -0.00401175  53.5695 15.3817 11.1338 0.348894
--> 70: 0.00438676 -0.00438676  53.9717 15.3719 10.986 0.205958
--> 71: 0.0160802 -0.0160802  71.6898 10.5944 17.5114 6.09413
--> 72: 0.0177022 -0.0177022  72.1373 10.5281 17.4916 6.05784
--> 73: 0.0147898 -0.0147898  71.8089 10.6158 17.4149 6.11007
--> 74: 0.0136218 -0.0136218  71.7184 10.7676 17.2985 6.09596
--> 75: 0.0167444 -0.0167444  96.3467 14.0425 9.01401 3.17282
--> 76: 0.0172685 -0.0172685  95.7842 14.1681 8.9672 3.18018
--> 77: 0.0170682 -0.0170682  96.0574 14.086 8.77669 3.15972
--> 78: 0.0170721 -0.0170721  95.8535 14.1349 9.03027 3.17824
--> 79: 0.00985989 -0.00985989  79.5537 3.42139 5.68647 3.13534
--> 80: 0.010207 -0.010207  79.3911 3.12995 5.51059 3.17123
--> 81: 0.010125 -0.010125  79.5962 3.10853 5.47734 3.20577
--> 82: 0.0105455 -0.0105455  79.2414 3.46304 5.17331 3.21738
--> 83: 0.0099438 -0.0099438  86.3611 18.2518 11.5729 5.4739
--> 84: 0.00907513 -0.00907513  86.433 18.11 11.6778 5.42741
--> 85: 0.0117368 -0.0117368  87.0418 18.0428 11.3363 5.47245
--> 86: 0.00911297 -0.00911297  86.1629 18.158 11.6322 5.42373
--> 87: 0.0098017 -0.0098017  91.826 1.38975 5.74773 0.258566
--> 88: 0.0110413 -0.0110413  92.3428 1.2582 5.56057 0.306812
--> 89: 0.0109181 -0.0109181  92.3509 1.32948 5.64193 0.294067
--> 90: 0.0100858 -0.0100858  91.629 1.32133 5.85494 0.337964
--> 91: 0.00549289 -0.00549289  67.3222 12.0573 14.6374 0.780844
--> 92: 0.0174902 -0.0174902  70.7782 19.525 9.6625 2.90727
--> 93: 0.00494021 -0.00494021  52.7054 14.9641 11.5189 2.35658
--> 94: 0.0142072 -0.0142072  52.8995 15.7196 10.9711 2.2884
--> 95: 0.00450542 -0.00450542  52.7784 15.2413 11.4834 2.36379
--> 96: 0.00391997 -0.00391997  53.7464 15.2123 11.2349 2.34456
--> 97: 0.0103312 -0.0103312  85.7691 18.1909 11.6848 5.47569
--> 98: 0.0106409 -0.0106409  86.4093 18.246 11.4893 5.41476
--> 99: 0.0100816 -0.0100816  87.0534 18.1643 11.6398 5.41695
--> 100: 0.00830468 -0.00830468  86.0135 17.9047 11.6772 5.42011
--> 1: 0.0128469 -0.0128469  98.2976 10.008 8.86231 5.48391
--> 2: 0.00923629 -0.00923629  95.068 3.37266 6.60215 4.17397
--> 3: 0.00817029 -0.00817029  93.2027 4.07043 8.53378 4.62414
--> 4: 0.00212444 -0.00212444  89.6302 13.1606 18.8511 3.06861
--> 5: 0.0205622 -0.0205622  97.9221 9.57832 4.38048 5.2226
--> 6: 0.00989551 -0.00989551  89.2534 8.27212 17.522 2.72041
--> 7: 0.0175218 -0.0175218  55.6599 17.5555 7.69355 4.58936
--> 8: 0.00762411 -0.00762411  52.3666 15.3827 14.2731 5.98262
--> 9: 0.00749893 -0.00749893  98.6331 6.09466 8.90694 3.40495
--> 10: 0.00156761 -0.00156761  63.6044 15.4942 13.507 5.65369
--> 11: 0.0144699 -0.0144699  97.9644 10.009 8.71312 5.49091
--> 12: 0.0133 -0.0133  98.0899 10.0618 8.75916 5.4455
--> 13: 0.0129422 -0.0129422  98.122 10.0428 8.81971 5.48791
--> 14: 0.0129501 -0.0129501  98.782 10.1795 8.99986 5.48622
--> 15: 0.00890655 -0.00890655  95.6425 3.57709 6.68412 4.20053
--> 16: 0.00910034 -0.00910034  95.0847 3.28038 6.57056 4.16616
--> 17: 0.00927984 -0.00927984  94.8092 3.5559 6.61692 4.1756
--> 18: 0.00913856 -0.00913856  95.0283 3.18931 6.61306 4.18129
--> 19: 0.00789489 -0.00789489  93.5999 3.91721 8.13347 4.51888
--> 20: 0.00755767 -0.00755767  93.7613 4.236 8.40623 4.69369
--> 21: 0.00804799 -0.00804799  93.2642 3.96435 8.74069 4.68646
--> 22: 0.00782017 -0.00782017  93.4505 4.10248 8.44232 4.6256
--> 23: 0.00202634 -0.00202634  89.8833 12.9663 18.8595 3.03088
--> 24: 0.00203014 -0.00203014  89.5196 13.2283 18.8385 2.95352
--> 25: 0.00227695 -0.00227695  90.0172 13.1583 18.9826 3.28101
--> 26: 0.00200319 -0.00200319  88.8354 13.1046 18.6666 3.11947
--> 27: 0.0206791 -0.0206791  97.7942 9.68135 4.36406 5.20768
--> 28: 0.0205719 -0.0205719  97.7935 9.59142 4.32604 5.19121
--> 29: 0.020279 -0.020279  98.0996 9.6626 4.37116 5.2212
--> 30: 0.0208032 -0.0208032  97.7786 9.6531 4.25975 5.22093
--> 31: 0.0102365 -0.0102365  88.7922 8.48577 17.6257 2.77403
--> 32: 0.00905868 -0.00905868  89.2116 8.47943 17.5375 2.75877
--> 33: 0.0101212 -0.0101212  89.0488 8.2856 17.4045 2.70019
--> 34: 0.0104723 -0.0104723  89.4014 8.15035 17.5787 2.71429
--> 35: 0.0175542 -0.0175542  55.445 17.3631 7.57398 4.61203
--> 36: 0.016999 -0.016999  56.2215 17.5642 7.60802 4.58148
--> 37: 0.0169454 -0.0169454  55.3825 17.3194 7.72882 4.58853
--> 38: 0.0171492 -0.0171492  55.4402 17.5501 7.71868 4.57433
--> 39: 0.00963286 -0.00963286  52.1476 15.311 14.2789 6.00776
--> 40: 0.00539813 -0.00539813  52.6942 15.6279 14.2755 5.92708
--> 41: 0.00798884 -0.00798884  52.3534 15.2367 14.1383 6.03775
--> 42: 0.00441878 -0.00441878  51.8987 15.4292 14.0843 6.0042
--> 43: 0.0162113 -0.0162113  98.3815 5.92386 8.78857 3.39558
--> 44: 0.00733464 -0.00733464  98.8376 5.82084 8.86985 3.34683
--> 45: 0.00759613 -0.00759613  98.8943 6.05685 8.78628 3.41852
--> 46: 0.00737339 -0.00737339  98.6417 6.19429 9.00363 3.32785
--> 47: 0.00192119 -0.00192119  63.9887 15.5371 13.1381 5.66708
--> 48: 0.00185529 -0.00185529  64.1475 15.5906 13.5237 5.55762
--> 49: 0.00194749 -0.00194749  64.0614 15.5538 13.687 5.54466
--> 50: 0.00194797 -0.00194797  64.0386 15.4665 13.2292 5.64253
--> 51: 0.00271798 -0.00271798  66.7001 13.018 14.059 2.43977
--> 52: 0.00328506 -0.00328506  92.2953 16.4532 18.1977 4.66098
--> 53: 0.00166339 -0.00166339  63.6976 15.7763 13.4099 5.64319
--> 54: 0.00166207 -0.00166207  63.7589 15.6697 13.3482 5.701
--> 55: 0.00195803 -0.00195803  62.9503 15.6886 13.4215 5.62061
--> 56: 0.00166657 -0.00166657  64.9436 15.5682 13.4794 5.74762
--> 57: 0.00263416 -0.00263416  89.4655 12.6404 18.8139 3.0967
--> 58: 0.00248055 -0.00248055  88.778 13.2386 18.7235 3.14192
--> 59: 0.00251971 -0.00251971  89.0984 13.057 18.7112 3.08456
--> 60: 0.00231754 -0.00231754  88.4884 13.4664 18.5115 3.163
--> 61: 0.00782212 -0.00782212  98.3758 5.83388 8.78443 3.30783
--> 62: 0.00777691 -0.00777691  98.7608 5.91789 8.83084 3.33416
--> 63: 0.00768875 -0.00768875  98.8037 5.79904 8.88215 3.31917
--> 64: 0.00769402 -0.00769402  98.9525 5.79253 8.82764 3.32709
--> 65: 0.0039207 -0.0039207  66.2489 12.9364 13.9997 2.28566
--> 66: 0.00298562 -0.00298562  66.9763 13.0672 14.2211 2.46465
--> 67: 0.00360388 -0.00360388  67.4537 12.7736 14.3303 2.45425
--> 68: 0.00341829 -0.00341829  66.8195 12.9769 14.3847 2.46962
--> 69: 0.00318664 -0.00318664  92.8743 16.3367 18.0365 4.67973
--> 70: 0.00375114 -0.00375114  91.9601 16.4345 18.466 4.6729
--> 71: 0.00332174 -0.00332174  92.6652 16.4049 18.2269 4.70968
--> 72: 0.00340061 -0.00340061  93.1831 16.4558 18.1679 4.62416
--> 73: 0.017472 -0.017472  60.2736 12.5618 14.9459 4.1103
--> 74: 0.00494111 -0.00494111  90.028 18.2792 18.2778 3.69983
--> 75: 0.00165202 -0.00165202  63.863 15.3948 13.5518 5.72924
--> 76: 0.00173883 -0.00173883  63.6327 15.4092 13.6906 5.53648
--> 77: 0.00173387 -0.00173387  63.5725 15.58 13.4622 5.74189
--> 78: 0.0018045 -0.0018045  64.6293 15.502 13.5948 5.6769
--> 79: 0.00239537 -0.00239537  89.01 12.9934 18.6954 3.12259
--> 80: 0.00229618 -0.00229618  88.7744 13.2563 18.605 3.21819
--> 81: 0.0024442 -0.0024442  89.7908 12.9504 18.8148 3.11805
--> 82: 0.00260593 -0.00260593  88.5027 12.5572 18.6096 3.02257
--> 83: 0.00791978 -0.00791978  98.757 6.03169 8.78586 3.27639
--> 84: 0.00784521 -0.00784521  98.2255 5.63271 8.85225 3.38595
--> 85: 0.00752482 -0.00752482  99.2982 5.63135 8.88215 3.37
--> 86: 0.00777013 -0.00777013  98.7485 6.00674 8.88546 3.37402
--> 87: 0.0176421 -0.0176421  60.3452 12.6653 14.9974 4.08667
--> 88: 0.0176331 -0.0176331  60.4286 12.4959 14.9416 4.14393
--> 89: 0.0175634 -0.0175634  60.408 12.4223 14.9067 4.13368
--> 90: 0.0173418 -0.0173418  60.3471 12.4836 15.0826 4.12717
--> 91: 0.00449763 -0.00449763  90.3213 18.0033 18.0641 3.68126
--> 92: 0.0050477 -0.0050477  89.9864 18.1808 18.3319 3.75302
--> 93: 0.00565703 -0.00565703  90.2408 18.4 18.416 3.80314
--> 94: 0.00592539 -0.00592539  89.7239 18.2575 18.4836 3.76596
--> 95: 0.0114579 -0.0114579  50.0725 16.2248 13.066 6.02695
--> 96: 0.0175515 -0.0175515  58.1881 13.1637 17.5967 3.56231
--> 97: 0.00188975 -0.00188975  63.5179 15.63 13.5282 5.70291
--> 98: 0.00197863 -0.00197863  63.5261 15.2614 13.3469 5.74235
--> 99: 0.00178788 -0.00178788  63.8133 15.521 13.4358 5.75915
--> 100: 0.00204086 -0.00204086  64.4224 15.5177 13.5624 5.62283
--> 1: 0.00824851 -0.00824851  54.5925 15.7372 17.3421 2.88314
--> 2: 0.00290107 -0.00290107  53.0104 17.3471 14.9429 4.95877
--> 3: 0.0166142 -0.0166142  94.1182 11.1268 7.36093 1.4017
--> 4: 0.0032816 -0.0032816  89.907 15.787 12.8439 5.27784
--> 5: 0.0170261 -0.0170261  61.4883 11.1073 14.7497 1.94785
--> 6: 0.0335544 -0.0335544  80.2055 19.1668 5.24756 0.553342
--> 7: 0.000695367 -0.000695367  52.1001 5.13216 14.4229 2.41005
--> 8: 0.00555036 -0.00555036  76.4017 19.6403 12.6782 4.24992
--> 9: 0.0104183 -0.0104183  89.447 1.25907 5.13853 4.44683
--> 10: 0.0043652 -0.0043652  75.5491 9.93288 13.7382 5.28803
--> 11: 0.00917152 -0.00917152  54.6998 15.513 17.532 2.83558
--> 12: 0.0137449 -0.0137449  54.0227 15.854 17.7361 2.92817
--> 13: 0.00804879 -0.00804879  54.6746 15.6333 17.2682 2.88505
--> 14: 0.00657738 -0.00657738  54.9298 15.7748 17.3923 2.87633
--> 15: 0.00320794 -0.00320794  53.085 17.5977 14.9528 4.90656
--> 16: 0.00302392 -0.00302392  53.2066 17.3001 14.8413 4.99055
--> 17: 0.00385805 -0.00385805  52.8059 17.2541 15.2274 4.98642
--> 18: 0.00342174 -0.00342174  53.1915 17.2991 15.2045 4.95128
--> 19: 0.0173726 -0.0173726  93.9263 11.3133 7.29248 1.42377
--> 20: 0.0168356 -0.0168356  93.3238 11.195 7.41779 1.39161
--> 21: 0.0168653 -0.0168653  94.4856 11.1402 7.2731 1.43227
--> 22: 0.0174798 -0.0174798  93.8701 11.1663 7.13474 1.45257
--> 23: 0.00262439 -0.00262439  90.2896 15.8733 13.0877 5.30858
--> 24: 0.00274337 -0.00274337  89.4622 15.6055 13.0216 5.37385
--> 25: 0.00287489 -0.00287489  90.1481 16.0774 13.0122 5.28932
--> 26: 0.0028511 -0.0028511  90.4911 15.8958 12.9893 5.2334
--> 27: 0.0174789 -0.0174789  61.634 10.8269 14.6387 2.0097
--> 28: 0.0159422 -0.0159422  61.717 11.1286 14.7528 1.97921
--> 29: 0.0175843 -0.0175843  61.355 10.9526 14.5799 1.89907
--> 30: 0.0175103 -0.0175103  61.5538 10.839 14.8438 1.99423
--> 31: 0.0335544 -0.0335544  80.1278 19.0402 5.22137 0.504208
--> 32: 0.0335544 -0.0335544  80.0103 19.1524 5.26215 0.488562
--> 33: 0.0335544 -0.0335544  79.8979 19.0647 5.17563 0.552339
--> 34: 0.0335544 -0.0335544  80.3336 19.2405 5.3316 0.603625
--> 35: 0.0335544 -0.0335544  52.4735 5.16899 14.2972 2.49068
--> 36: 0.0335544 -0.0335544  52.2175 5.06727 14.4479 2.39642
--> 37: 0.0162261 -0.0162261  52.4766 5.39752 14.1951 2.42449
--> 38: 0.0335544 -0.0335544  52.2495 5.50514 14.4554 2.44099
--> 39: 0.00535171 -0.00535171  75.4799 19.7976 12.9977 4.20492
--> 40: 0.00553796 -0.00553796  76.6192 19.3755 12.5566 4.35089
--> 41: 0.00663887 -0.00663887  76.6044 19.894 12.4636 4.17433
--> 42: 0.00557928 -0.00557928  76.7097 19.4515 12.6668 4.27845
--> 43: 0.0102738 -0.0102738  89.5171 1.4833 5.36498 4.49578
--> 44: 0.0102899 -0.0102899  89.8341 1.24035 4.91161 4.41438
--> 45: 0.0108098 -0.0108098  88.9757 1.41734 5.03728 4.48516
--> 46: 0.0114626 -0.0114626  90.0654 1.28278 4.86992 4.45394
--> 47: 0.00482759 -0.00482759  75.6658 9.81234 13.8369 5.3127
--> 48: 0.00569421 -0.00569421  75.2409 9.76728 13.9852 5.30409
--> 49: 0.00357311 -0.00357311  75.8037 10.2759 13.7209 5.3672
--> 50: 0.00407872 -0.00407872  75.1946 10.3187 13.6544 5.27781
--> 51: 0.014391 -0.014391  71.1303 2.60652 3.48151 2.92693
--> 52: 0.0168103 -0.0168103  50.6795 10.0131 6.15056 1.63464
--> 53: 0.0335544 -0.0335544  52.8325 5.21133 14.2282 2.38775
--> 54: 0.0335544 -0.0335544  51.0844 5.10702 13.9796 2.44908
--> 55: 0.0335543 -0.0335543  51.8943 5.11612 14.2791 2.45564
--> 56: 0.0335544 -0.0335544  51.903 5.26582 14.5168 2.41643
--> 57: 0.00262213 -0.00262213  90.1902 15.8894 13.1165 5.28022
--> 58: 0.0024542 -0.0024542  90.2674 15.872 13.2372 5.31712
--> 59: 0.00320891 -0.00320891  90.7653 15.7837 12.8158 5.23917
--> 60: 0.00351036 -0.00351036  89.9074 16.0042 12.8869 5.27884
--> 61: 0.00316482 -0.00316482  52.983 17.3305 15.0524 5.0513
--> 62: 0.00351286 -0.00351286  52.788 17.3561 14.9162 4.93031
--> 63: 0.00248832 -0.00248832  53.6307 17.3094 15.0162 4.96884
--> 64: 0.00330251 -0.00330251  52.7651 17.4808 14.8142 4.91237
--> 65: 0.0101723 -0.0101723  89.7523 1.35742 5.41998 4.5429
--> 66: 0.0111801 -0.0111801  90.0297 1.58154 5.38262 4.49402
--> 67: 0.0101938 -0.0101938  89.4255 1.69068 5.53423 4.51633
--> 68: 0.0104583 -0.0104583  89.2694 1.59584 5.5591 4.49791
--> 69: 0.0168445 -0.0168445  94.1578 11.2592 7.2824 1.39025
--> 70: 0.0167133 -0.0167133  94.1826 11.218 7.35938 1.37049
--> 71: 0.016782 -0.016782  93.9994 11.1715 7.25096 1.3941
--> 72: 0.0170969 -0.0170969  93.9616 11.179 7.34245 1.39755
--> 73: 0.0149636 -0.0149636  70.7025 2.61008 3.31315 2.94487
--> 74: 0.014625 -0.014625  70.9318 2.4915 3.53016 2.91971
--> 75: 0.0147508 -0.0147508  70.7514 2.71133 3.50786 2.9272
--> 76: 0.0145794 -0.0145794  71.0117 2.7422 3.42595 2.92522
--> 77: 0.0167411 -0.0167411  50.4115 9.89767 6.10519 1.61624
--> 78: 0.0166905 -0.0166905  50.441 10.1188 6.15134 1.62367
--> 79: 0.0170337 -0.0170337  50.6828 10.137 5.99471 1.67051
--> 80: 0.0167542 -0.0167542  50.5783 10.1083 6.23452 1.62529
--> 81: 0.0335544 -0.0335544  92.702 3.9022 19.8123 0.0333447
--> 82: 0.0230381 -0.0230381  61.7689 7.44734 15.217 1.14806
--> 83: 0.0246046 -0.0246046  51.6432 5.02261 14.3601 2.52563
--> 84: 0.0335544 -0.0335544  52.0944 5.02701 14.6086 2.56017
--> 85: 0.0115135 -0.0115135  52.4204 5.29504 14.1055 2.32333
--> 86: 0.0123602 -0.0123602  52.0591 5.12301 14.6848 2.43949
--> 87: 0.00209459 -0.00209459  90.2168 15.8207 13.5468 5.27477
--> 88: 0.0032659 -0.0032659  90.3069 15.9197 12.7554 5.2061
--> 89: 0.00269359 -0.00269359  90.6589 15.7475 13.0479 5.33925
--> 90: 0.00245897 -0.00245897  90.3757 15.9703 13.3118 5.35237
--> 91: 0.00402429 -0.00402429  54.0359 17.3276 14.9688 4.9794
--> 92: 0.00225181 -0.00225181  53.88 17.0347 14.926 4.98322
--> 93: 0.00296954 -0.00296954  53.4221 16.9838 14.9408 4.99681
--> 94: 0.0032189 -0.0032189  53.1324 17.4088 14.9216 4.93729
--> 95: 0.0104947 -0.0104947  89.4459 1.30959 5.33637 4.44264
--> 96: 0.010025 -0.010025  89.7431 1.50945 5.34219 4.52542
--> 97: 0.0108363 -0.0108363  90.2015 1.66752 5.38728 4.52581
--> 98: 0.0106452 -0.0106452  89.2521 1.29159 5.35419 4.51623
--> 99: 0.0171181 -0.0171181  94.1714 11.1955 7.13917 1.39793
--> 100: 0.0166974 -0.0166974  94.0732 11.2272 7.39215 1.38811
--> 1: 0.0165223 -0.0165223  54.6983 11.5873 7.63176 0.677312
--> 2: 0.00399292 -0.00399292  63.3175 17.1271 17.4779 3.99069
--> 3: 0.0209382 -0.0209382  77.5969 14.6517 7.18908 2.78196
--> 4: 0.0335544 -0.0335544  90.8111 1.4943 17.5798 5.62371
--> 5: 0.00209879 -0.00209879  59.9493 17.3773 12.7116 5.07995
--> 6: 0.0164193 -0.0164193  65.3879 4.54309 8.13409 0.626831
--> 7: 0.0166369 -0.0166369  96.6499 9.14004 6.77039 0.0968635
--> 8: 0.0335544 -0.0335544  71.0541 15.7424 2.38089 0.277672
--> 9: 0.0106406 -0.0106406  75.9849 4.53545 8.86366 5.40998
--> 10: 0.0135612 -0.0135612  84.0294 17.8838 10.7802 5.03313
--> 11: 0.0151428 -0.0151428  55.1797 11.4831 7.73775 0.609801
--> 12: 0.0155443 -0.0155443  54.4311 11.6605 7.85778 0.742359
--> 13: 0.014762 -0.014762  55.0826 11.3415 7.76782 0.671653
--> 14: 0.016484 -0.016484  54.7368 11.6752 7.67133 0.747159
--> 15: 0.00461732 -0.00461732  63.1221 17.1935 17.7558 3.98511
--> 16: 0.00443488 -0.00443488  63.1645 17.1261 17.6678 3.92065
--> 17: 0.00372113 -0.00372113  63.4557 17.2207 17.6208 3.92739
--> 18: 0.00409495 -0.00409495  62.9651 17.1394 17.4706 3.97974
--> 19: 0.0212061 -0.0212061  77.6519 14.6149 7.07447 2.8646
--> 20: 0.0198437 -0.0198437  78.2492 14.515 7.35049 2.76218
--> 21: 0.0209605 -0.0209605  77.8051 14.8242 7.34676 2.77008
--> 22: 0.0211346 -0.0211346  77.4975 14.7121 7.13433 2.79574
--> 23: 0.00679884 -0.00679884  90.7632 1.42059 17.6811 5.65338
--> 24: 0.0335544 -0.0335544  90.85 1.53132 17.6034 5.62351
--> 25: 0.0335544 -0.0335544  90.9084 1.42698 17.6761 5.60964
--> 26: 0.0335544 -0.0335544  90.798 1.41167 17.5468 5.63784
--> 27: 0.0021543 -0.0021543  59.8994 17.2789 12.8421 5.0541
--> 28: 0.00289549 -0.00289549  60.344 17.2931 12.6019 5.12624
--> 29: 0.00303638 -0.00303638  59.1577 17.1177 12.7136 5.12274
--> 30: 0.00276696 -0.00276696  60.4473 17.1551 12.8199 5.09251
--> 31: 0.0156208 -0.0156208  65.4793 4.62374 7.95796 0.561703
--> 32: 0.0172597 -0.0172597  65.0799 4.35383 8.26014 0.607815
--> 33: 0.0167276 -0.0167276  65.3928 4.59059 8.26798 0.543612
--> 34: 0.016479 -0.016479  65.3493 4.61098 8.18242 0.678205
--> 35: 0.0166013 -0.0166013  96.5037 9.20841 6.78713 0.165071
--> 36: 0.0165112 -0.0165112  96.3484 9.05639 6.58215 0.203985
--> 37: 0.0165376 -0.0165376  96.0842 9.34108 6.72026 0.0602548
--> 38: 0.0168775 -0.0168775  96.6676 9.05517 6.99711 0.0672378
--> 39: 0.0335544 -0.0335544  71.1614 15.6843 2.32438 0.231599
--> 40: 0.0335544 -0.0335544  71.0853 15.7843 2.31088 0.245172
--> 41: 0.0335544 -0.0335544  70.9478 15.8324 2.32768 0.296687
--> 42: 0.0335544 -0.0335544  71.2619 15.7183 2.355 0.267973
--> 43: 0.0103086 -0.0103086  75.7962 4.61962 8.69753 5.43805
--> 44: 0.0118033 -0.0118033  75.6333 4.41579 8.98654 5.43902
--> 45: 0.0122074 -0.0122074  76.0549 4.55622 8.6653 5.37853
--> 46: 0.010342 -0.010342  75.8991 4.73245 8.91189 5.4037
--> 47: 0.0150575 -0.0150575  83.9698 17.7777 10.8471 5.0448
--> 48: 0.0154571 -0.0154571  84.4577 17.6163 10.5646 5.07325
--> 49: 0.0146432 -0.0146432  83.7901 17.8427 10.8658 5.03954
--> 50: 0.0139053 -0.0139053  84.4574 18.1662 10.8803 5.06695
--> 51: 0.0166616 -0.0166616  54.9658 11.5879 7.57644 0.626209
--> 52: 0.0166274 -0.0166274  55.8315 11.2589 7.55869 0.614739
--> 53: 0.0164249 -0.0164249  54.9802 11.2856 7.79568 0.604257
--> 54: 0.0146664 -0.0146664  55.1552 11.2712 7.83369 0.650893
--> 55: 0.00496741 -0.00496741  62.5785 17.3833 17.455 3.93439
--> 56: 0.00463588 -0.00463588  62.7652 16.8605 17.3107 4.01392
--> 57: 0.00395818 -0.00395818  63.4856 17.3972 17.7639 3.91619
--> 58: 0.0042429 -0.0042429  63.5575 17.0956 17.9481 4.01958
--> 59: 0.0195694 -0.0195694  78.222 14.532 7.42618 2.75433
--> 60: 0.0207197 -0.0207197  78.5666 14.5569 7.08723 2.70483
--> 61: 0.0192221 -0.0192221  78.1588 14.2804 7.38131 2.78728
--> 62: 0.0199757 -0.0199757  78.1441 14.5175 7.24228 2.75489
--> 63: 0.0335544 -0.0335544  90.9624 1.52414 17.5534 5.68757
--> 64: 0.0335544 -0.0335544  90.901 1.34217 17.6439 5.61667
--> 65: 0.0335544 -0.0335544  90.8942 1.5679 17.7718 5.71525
--> 66: 0.0335544 -0.0335544  90.9938 1.2563 17.9053 5.6033
--> 67: 0.00244667 -0.00244667  59.5611 17.6267 12.5749 5.06927
--> 68: 0.00212318 -0.00212318  59.9112 16.876 12.791 5.06568
--> 69: 0.00298625 -0.00298625  60.252 17.1679 12.4742 5.06583
--> 70: 0.0023063 -0.0023063  59.6644 17.3802 12.8517 5.16796
--> 71: 0.015849 -0.015849  65.199 4.68227 7.988 0.499142
--> 72: 0.0170458 -0.0170458  64.8288 4.62471 7.93041 0.546385
--> 73: 0.0155297 -0.0155297  65.514 4.50587 7.80504 0.566899
--> 74: 0.0154526 -0.0154526  65.6196 4.48264 7.80158 0.612009
--> 75: 0.0165187 -0.0165187  96.4135 9.10001 6.65803 0.137754
--> 76: 0.0164192 -0.0164192  96.1797 8.94676 6.30329 0.204514
--> 77: 0.0164772 -0.0164772  96.0665 9.04746 6.49133 0.178122
--> 78: 0.016447 -0.016447  96.3324 9.15044 6.54963 0.23103
--> 79: 0.0335544 -0.0335544  70.931 15.6347 2.35039 0.264253
--> 80: 0.0335544 -0.0335544  71.445 15.6662 2.19467 0.23204
--> 81: 0.0335966 -0.0335966  71.2332 15.5484 2.35955 0.238575
--> 82: 0.0335544 -0.0335544  71.1516 15.7009 2.3226 0.221827
--> 83: 0.0116386 -0.0116386  76.1464 4.70067 8.65689 5.53761
--> 84: 0.0114856 -0.0114856  76.1162 4.85568 8.8122 5.35458
--> 85: 0.0112347 -0.0112347  75.4824 4.34829 8.52483 5.42455
--> 86: 0.0111584 -0.0111584  75.1661 4.59137 8.65895 5.43685
--> 87: 0.0149764 -0.0149764  83.3129 18.1384 10.8435 5.04783
--> 88: 0.0145354 -0.0145354  83.7375 17.8681 10.9068 5.05066
--> 89: 0.0144825 -0.0144825  84.162 17.9867 10.7363 4.97267
--> 90: 0.0145887 -0.0145887  84.6892 17.7393 10.7426 5.08196
--> 91: 0.0335544 -0.0335544  95.7949 15.9455 0.894128 4.9714
--> 92: 0.00484511 -0.00484511  98.1588 16.7964 12.6514 5.64896
--> 93: 0.00305606 -0.00305606  60.2124 17.756 12.5057 5.07009
--> 94: 0.00310006 -0.00310006  60.2395 17.563 13.0614 5.07485
--> 95: 0.0028795 -0.0028795  60.3441 17.1584 12.6761 5.0966
--> 96: 0.00320856 -0.00320856  60.1643 17.2279 12.5953 5.16047
--> 97: 0.0335544 -0.0335544  91.1741 1.25971 17.8835 5.65871
--> 98: 0.0335544 -0.0335544  90.905 1.35429 17.8426 5.68815
--> 99: 0.0191106 -0.0191106  90.3557 1.42015 17.7492 5.65049
--> 100: 0.033516 -0.033516  90.584 1.51282 17.7594 5.68372
